n = 100
v = 400
λ = 415.31203839419476
λ_0 = 888.3794904749278 (без учёта столкновений со стенками)
столкновений со стенками за секунду: 45.486666666666665
столкновений между собой за секунду: 19.966666666666665
время: 600
средняя скорость: 354.75952428121707
наиболее вероятная скорость: 185.0
P: 8.868988579908029
nmax: 14940
[0, 0, 115, 0, 143, 0, 0, 152, 331, 386, 119, 641, 440, 364, 1105, 1058, 579, 1596, 1187, 1558, 1957, 1694, 944, 1056, 2186, 2143, 1350, 1961, 3799, 1276, 2806, 4765, 1480, 1898, 2064, 2864, 2926, 2293, 1662, 3173, 1487, 3907, 4420, 3601, 2899, 4461, 3220, 2940, 4842, 2811, 4300, 2230, 4111, 3601, 4718, 3739, 3264, 3966, 3716, 4601, 4345, 8112, 6825, 2474, 5518, 3877, 3054, 3660, 4722, 3047, 5949, 5699, 1392, 7151, 5021, 5277, 4998, 4649, 5267, 4191, 4921, 5160, 5452, 4472, 7187, 8590, 3921, 4261, 6482, 6538, 5473, 7397, 6398, 6581, 5703, 3772, 8053, 4148, 6572, 5369, 5148, 5276, 4703, 7902, 6535, 5714, 5665, 7069, 7151, 8169, 8673, 6422, 5384, 6689, 6991, 5506, 8615, 8121, 5780, 6889, 10390, 8925, 10421, 7009, 7430, 6608, 11129, 5398, 4572, 9424, 6348, 5805, 9871, 8400, 9648, 5249, 11041, 6550, 5604, 6144, 9892, 8898, 7490, 8961, 7705, 6576, 6682, 11979, 14940, 10299, 6432, 6610, 9084, 7511, 8881, 6747, 14226, 9603, 9038, 11777, 5745, 10619, 7767, 9549, 9745, 11620, 7326, 9697, 11492, 8131, 8406, 6623, 8073, 10077, 5943, 8722, 7440, 8949, 12919, 7249, 10009, 5931, 9595, 9135, 9323, 8492, 5721, 10431, 8715, 8703, 10866, 8874, 6987, 8247, 9394, 7611, 9532, 10590, 11194, 9738, 8864, 9691, 9142, 8395, 8944, 7929, 9501, 9783, 7579, 6063, 8194, 12110, 10260, 9488, 7250, 7108, 11586, 9099, 10720, 8149, 7688, 5870, 7376, 13698, 10243, 12519, 7716, 8987, 10902, 7000, 7010, 9059, 11333, 10490, 9026, 11428, 8253, 10129, 9863, 8603, 8793, 13531, 9938, 7152, 9674, 8100, 8903, 9636, 9091, 10302, 11027, 8268, 8588, 10639, 9523, 8610, 10640, 7745, 8540, 8200, 6711, 6676, 6586, 10158, 10774, 8510, 8306, 9005, 9590, 10037, 9224, 10025, 6490, 8911, 7582, 9057, 9402, 7742, 9092, 9323, 8440, 7194, 9194, 8085, 8361, 9738, 7182, 8364, 10620, 10717, 8611, 8009, 7711, 7151, 9748, 9371, 10319, 6130, 7644, 9904, 5997, 10992, 7142, 8197, 10472, 10760, 7627, 8596, 8459, 8857, 8510, 11005, 8991, 12008, 9308, 7822, 10029, 8761, 8550, 7172, 7603, 8698, 9651, 7615, 6355, 8496, 8541, 8120, 6353, 9971, 8113, 10200, 9701, 8643, 9172, 6788, 7023, 8318, 8054, 6233, 5866, 8756, 7386, 6024, 7945, 7031, 9478, 9431, 8012, 7897, 10196, 7866, 7376, 9032, 8028, 8609, 6163, 9753, 4805, 7455, 8600, 7768, 6759, 7878, 9465, 6776, 5402, 8956, 6094, 7113, 7140, 8386, 9247, 7578, 9193, 6673, 5738, 7040, 4828, 5593, 6971, 4358, 5901, 6296, 6309, 6493, 4297, 6493, 8339, 5542, 5277, 7704, 7627, 6577, 7127, 7235, 5382, 5125, 8379, 5834, 6105, 4278, 6789, 4710, 7836, 7243, 5783, 5907, 6072, 5026, 7273, 6092, 5444, 5044, 7117, 5917, 7325, 6005, 5515, 6344, 5288, 4205, 3383, 4949, 6010, 4702, 5236, 3534, 5540, 5818, 5845, 3077, 5085, 4484, 3823, 6415, 6699, 5341, 5363, 4621, 4492, 3926, 4633, 6328, 6734, 5291, 3409, 4387, 3307, 3164, 4563, 5220, 5161, 4703, 3921, 3331, 4439, 3729, 5570, 1928, 3599, 4949, 6300, 3230, 2824, 4153, 4572, 4565, 3290, 2449, 5479, 3924, 3033, 3578, 5008, 5166, 4287, 5629, 3506, 3731, 4481, 2543, 3097, 3454, 3705, 3679, 5214, 2923, 2191, 2741, 3387, 3798, 3040, 2340, 1542, 3717, 3575, 2749, 3163, 4402, 2270, 1661, 1614, 2552, 1934, 3392, 3926, 2597, 2422, 1529, 1812, 2810, 3780, 2606, 1375, 2154, 3240, 3019, 1839, 1765, 1700, 2002, 3045, 2512, 2025, 1631, 1353, 2856, 1442, 1121, 2125, 2138, 2526, 2514, 3599, 2564, 1283, 2394, 1974, 1647, 2181, 2511, 2364, 2148, 2808, 1827, 3016, 2516, 2494, 3296, 1779, 2420, 1081, 2588, 2768, 2115, 2114, 1370, 1424, 2621, 1001, 1823, 1671, 1281, 2428, 2261, 1509, 1738, 1545, 2033, 1297, 2221, 1395, 1412, 826, 1215, 1427, 1094, 2995, 1776, 1040, 572, 1821, 1146, 1653, 1371, 988, 1424, 1291, 1080, 3590, 1514, 389, 2100, 1678, 1592, 1335, 860, 1552, 1136, 1104, 1080, 1586, 1162, 770, 1137, 1082, 287, 2634, 1260, 2763, 1015, 888, 957, 1094, 335, 743, 2427, 1387, 1087, 1027, 247, 456, 1635, 1557, 2033, 472, 955, 1244, 727, 1404, 470, 507, 964, 1033, 989, 874, 736, 640, 656, 906, 667, 814, 308, 1054, 552, 696, 1267, 559, 1215, 765, 1170, 809, 973, 805, 290, 898, 844, 557, 625, 291, 515, 238, 590, 1128, 366, 358, 995, 578, 339, 306, 1114, 169, 915, 639, 643, 878, 502, 270, 197, 273, 442, 539, 205, 275, 0, 537, 599, 579, 793, 199, 259, 531, 249, 102, 346, 691, 155, 343, 180, 1078, 396, 133, 667, 184, 479, 472, 410, 83, 350, 404, 244, 260, 440, 671, 14, 535, 69, 288, 981, 560, 857, 234, 58, 1019, 472, 230, 19, 272, 194, 131, 137, 341, 355, 23, 76, 75, 154, 5, 217, 435, 44, 211, 110, 116, 28, 133, 736, 198, 0, 750, 138, 246, 364, 1, 100, 0, 196, 244, 344, 576, 183, 130, 0, 84, 473, 0, 30, 6, 0, 0, 0, 154, 195, 107, 97, 0, 574, 120, 229, 340, 0, 42, 211, 44, 281, 0, 342, 10, 16, 0, 34, 19, 0, 0, 0, 8, 116, 40, 0, 91, 147, 337, 269, 103, 0, 173, 0, 82, 100, 0, 136, 0, 0, 75, 163, 0, 39, 13, 0, 0, 25, 0, 220, 0, 114, 0, 71, 0, 76, 0, 0, 0, 0, 0, 157, 0, 0, 0, 0, 52, 0, 32, 121, 0, 17, 3, 180, 27, 0, 0, 0, 0, 0, 0, 0, 0, 105, 481, 0, 59, 0, 2, 15, 0, 0, 0, 0, 0, 124, 0, 0, 0, 0, 0, 0, 0, 16, 0, 0, 33, 0, 197, 0, 0, 0, 37, 0, 0, 0, 10, 1, 88, 186, 0, 0, 0, 0, 0, 6, 0, 34, 0, 18, 0, 51, 0, 0, 0, 0, 144, 0, 41, 0, 0, 110, 0, 152, 0, 0, 34, 0, 0, 44, 0, 0, 69, 16, 11, 183, 0, 0, 0, 0, 78, 0, 0, 112, 0, 0, 0, 0, 0, 84, 0, 0, 18, 0, 0, 0, 0, 21, 58, 0, 0, 0, 0, 0, 0, 0, 0, 0, 0, 0, 0, 0, 188, 0, 0, 0, 0, 0, 0, 0, 0, 0, 0, 0, 0, 0, 0, 0, 0, 0, 0, 0, 0, 0, 0, 0, 0, 0, 0, 0, 0, 0, 0, 0, 0, 0, 0, 0, 0, 0, 0, 0, 0, 0, 0, 0, 0, 0, 0, 0, 0, 0, 0, 0, 0, 0, 0, 0, 0, 0, 8, 0, 5, 0, 0, 0, 0, 0, 0, 0, 0, 0, 0, 0, 0, 0, 0, 0, 0, 0, 0, 0, 0, 0, 0, 0, 0, 0, 0, 0, 0, 0, 0, 0, 0, 0, 0, 0, 0, 0, 0, 0, 0, 0, 0, 0, 0, 0, 0, 0, 0, 0, 0, 0, 0, 0, 0, 0, 0, 0, 0, 0, 0, 0, 0, 0, 0, 0, 0, 0, 0, 0, 0, 0, 0, 0, 0, 0, 0, 0, 0, 0, 0, 0, 0, 0, 0, 0, 0, 0, 0, 0, 0, 0, 0, 0, 0, 0, 0, 0, 0, 0, 0, 0, 0, 0, 0, 0, 0, 0, 0, 0, 0, 0, 0, 0, 0, 0, 0, 0, 0, 0, 0, 0, 0, 0, 0, 0, 0, 0, 0, 0, 0, 0, 0, 0, 0, 0, 0, 0, 0, 0, 0, 0, 0, 0, 0, 0, 0, 0, 0, 0, 0, 0, 0, 0, 0, 0, 0, 0, 0, 0, 0, 0, 0, 0, 0, 0, 0, 0, 0, 0, 0, 0, 0, 0, 0, 0, 0, 0, 0, 0, 0, 0, 0, 0, 0, 0, 0, 0, 0, 0, 0, 0, 0, 0, 0, 0, 0, 0, 0, 0, 0, 0, 0, 0, 0, 0, 0, 0, 0, 0, 0, 0, 0, 0, 0, 0, 0, 0, 0, 0, 0, 0, 0, 0, 0, 0, 0, 0, 0, 0, 0, 0, 0, 0, 0, 0, 0, 0, 0, 0, 0, 0, 0, 0, 0, 0, 0, 0, 0, 0, 0, 0, 0, 0, 0, 0, 0, 0, 0, 0, 0, 0, 0, 0, 0, 0, 0, 0, 0, 0, 0, 0, 0, 0, 0, 0, 0, 0, 0, 0, 0, 0, 0, 0, 0, 0, 0, 0, 0, 0, 0, 0, 0, 0, 0, 0, 0, 0, 0, 0, 0, 0, 0, 0, 0, 0, 0, 0, 0, 0, 0, 0, 0, 0, 0, 0, 0, 0, 0, 0, 0, 0, 0, 0, 0, 0, 0, 0, 0, 0, 0, 0, 0, 0, 0, 0, 0, 0, 0, 0, 0, 0, 0, 0, 0, 0, 0, 0, 0, 0, 0, 0, 0, 0, 0, 0, 0, 0, 0, 0, 0, 0, 0, 0, 0, 0, 0, 0, 0, 0, 0, 0, 0, 0, 0, 0, 0, 0, 0, 0, 0, 0, 0, 0, 0, 0, 0, 0, 0, 0, 0, 0, 0, 0, 0, 0, 0, 0, 0, 0, 0, 0, 0, 0, 0, 0, 0, 0, 0, 0, 0, 0, 0, 0, 0, 0, 0, 0, 0, 0, 0, 0, 0, 0, 0, 0, 0, 0, 0, 0, 0, 0, 0, 0, 0, 0, 0, 0, 0, 0, 0, 0, 0, 0, 0, 0, 0, 0, 0, 0, 0, 0, 0, 0, 0, 0, 0, 0, 0, 0, 0, 0, 0, 0, 0, 0, 0, 0, 0, 0, 0, 0, 0, 0, 0, 0, 0, 0, 0, 0, 0, 0, 0, 0, 0, 0, 0, 0, 0, 0, 0, 0, 0, 0, 0, 0, 0, 0, 0, 0, 0, 0, 0, 0, 0, 0, 0, 0, 0, 0, 0, 0, 0, 0, 0, 0, 0, 0, 0, 0, 0, 0, 0, 0, 0, 0, 0, 0, 0, 0, 0, 0, 0, 0, 0, 0, 0, 0, 0, 0, 0, 0, 0, 0, 0, 0, 0, 0, 0, 0, 0, 0, 0, 0, 0, 0, 0, 0, 0, 0, 0, 0, 0, 0, 0, 0, 0, 0, 0, 0, 0, 0, 0, 0]
