n = 300
v = 400
λ = 212.8002499520558
λ_0 = 293.42989188753796 (без учёта столкновений со стенками)
столкновений со стенками за секунду: 137.49333333333334
столкновений между собой за секунду: 181.43833333333333
время: 600
средняя скорость: 354.9290033847937
наиболее вероятная скорость: 281.25
P: 26.619715267127535
nmax: 34425
[52, 326, 120, 432, 1019, 1561, 1436, 1049, 2829, 2366, 3321, 1851, 1653, 1760, 2948, 3762, 3264, 3378, 2804, 4795, 3332, 5600, 5066, 4366, 6209, 5249, 3976, 5791, 5531, 6757, 5438, 6288, 6701, 8562, 7598, 8812, 7405, 6341, 8134, 9159, 8981, 9298, 9368, 8735, 7190, 9929, 7243, 7641, 9514, 9349, 9533, 7671, 10719, 10702, 10952, 11002, 10061, 12212, 11315, 13825, 12071, 10817, 11277, 13515, 11322, 11426, 13735, 14418, 11482, 14701, 13466, 12271, 13003, 14935, 11233, 15392, 13395, 14468, 12223, 15896, 16732, 16129, 14528, 15186, 20465, 16967, 16543, 14167, 18103, 16118, 19404, 15390, 16223, 17654, 19257, 18707, 18073, 18913, 19219, 18904, 17563, 19041, 17459, 20455, 19837, 21333, 19099, 22943, 19445, 17866, 22263, 19126, 19102, 20621, 22352, 23398, 22366, 21039, 21458, 22726, 21759, 20802, 24978, 21882, 25063, 24576, 21816, 24832, 23308, 21672, 19635, 23431, 21265, 23105, 27257, 25326, 27108, 21633, 23234, 25001, 25204, 21743, 22574, 22639, 25488, 25342, 26458, 28565, 24356, 23011, 26244, 27522, 25949, 23337, 25220, 28605, 27265, 23645, 24505, 23831, 24992, 25778, 24440, 25180, 28071, 27821, 24685, 29031, 24273, 25966, 26028, 27872, 25379, 30039, 24882, 28803, 24415, 24020, 28797, 30693, 29206, 28587, 28249, 25666, 27898, 25748, 29110, 27249, 25225, 26978, 29305, 26257, 26872, 29578, 28257, 30093, 26913, 26508, 26370, 28945, 27191, 28160, 28162, 32995, 27425, 32145, 32287, 34060, 27785, 31133, 27786, 27574, 32912, 27432, 26415, 29645, 33235, 27241, 30076, 33903, 30277, 31240, 25536, 27868, 31929, 34426, 29513, 29630, 27654, 28251, 32439, 28292, 27094, 28520, 30989, 32140, 29340, 27948, 26958, 26500, 27576, 30588, 27033, 32119, 30024, 30022, 27902, 29129, 28310, 31161, 25013, 28196, 26503, 29891, 30265, 30414, 28706, 30028, 27195, 26608, 24535, 29197, 31000, 28474, 29931, 26496, 28524, 29225, 29158, 27415, 28463, 27270, 28640, 27971, 28244, 30693, 29562, 27141, 31233, 29007, 26378, 26717, 27401, 26730, 29417, 26398, 26410, 29774, 29903, 27928, 25100, 27300, 26246, 25879, 27968, 26451, 23900, 28220, 27550, 28628, 25794, 25305, 25454, 26789, 26175, 26700, 25849, 25241, 25461, 25915, 27814, 26426, 27494, 27948, 24755, 26415, 24398, 24201, 26773, 23136, 24542, 24381, 22317, 22951, 23154, 23948, 25486, 25471, 23107, 23022, 20858, 25291, 23026, 24319, 22227, 24002, 24151, 23309, 23093, 21878, 23563, 22437, 22094, 23365, 21114, 21455, 24783, 24195, 22636, 24768, 24065, 21304, 22079, 23275, 19882, 23434, 19962, 21106, 21531, 21977, 18383, 20065, 19167, 20942, 21535, 21881, 21473, 20076, 20763, 20125, 20567, 20154, 18525, 21932, 19517, 20772, 20194, 19071, 21114, 19865, 20459, 20291, 18871, 20219, 18552, 19320, 17605, 17364, 18863, 19822, 19251, 18672, 17776, 17447, 17978, 18024, 17203, 18595, 16857, 17698, 16909, 16168, 15271, 16232, 17517, 14757, 17140, 14588, 13881, 15412, 18441, 18592, 16395, 17773, 18185, 17693, 17692, 15376, 15726, 16427, 16616, 15961, 14256, 16079, 15116, 16148, 14431, 15048, 17444, 16652, 14195, 14724, 14304, 15599, 13729, 14371, 14295, 14543, 13126, 14697, 15024, 14286, 13370, 12355, 12775, 11643, 12937, 14048, 11180, 14152, 13204, 14105, 13995, 14176, 12145, 14011, 12297, 14219, 12538, 12495, 12939, 13352, 12730, 11666, 10971, 11564, 11692, 11126, 11174, 10423, 11663, 10968, 11605, 10826, 11898, 10431, 10618, 11898, 11347, 12667, 10182, 11723, 12112, 10369, 11766, 10323, 10099, 9580, 9714, 11452, 9846, 10459, 10404, 11472, 9863, 10026, 11141, 9028, 9260, 7775, 8591, 11490, 8417, 8714, 9124, 8182, 10403, 9302, 7246, 10234, 7995, 8376, 6440, 7853, 7655, 8400, 8549, 7772, 8039, 7680, 8439, 8060, 7209, 7809, 8302, 7583, 7811, 6963, 7114, 7380, 6485, 7847, 6284, 7035, 6879, 6350, 6764, 7027, 7766, 5914, 6248, 6764, 5677, 5225, 6620, 5397, 5771, 5276, 6800, 6563, 6633, 6172, 6004, 6131, 5857, 6045, 5845, 4890, 6480, 5271, 5714, 5299, 5673, 5098, 5643, 6519, 4781, 5515, 5079, 4814, 4914, 4947, 6192, 4648, 4709, 5027, 3777, 5226, 4720, 4091, 3095, 4575, 5668, 5001, 5041, 4601, 4598, 4863, 3743, 3782, 3382, 3597, 4540, 4869, 5216, 5061, 3954, 3367, 4618, 4178, 3554, 4004, 3908, 2667, 3484, 3517, 4047, 3343, 3245, 2814, 3401, 2703, 2832, 2789, 4320, 3177, 3803, 3246, 2996, 2509, 3082, 3054, 2060, 2832, 3205, 2583, 2896, 3125, 3249, 2398, 2708, 2662, 4112, 3311, 3414, 2704, 2074, 2786, 2884, 2447, 2166, 2634, 1431, 1779, 2011, 2644, 2817, 2628, 1906, 1889, 2023, 1824, 2240, 1775, 1485, 2117, 1971, 1848, 2041, 2063, 2036, 2296, 2303, 1645, 1651, 1674, 1761, 1659, 2410, 2023, 1296, 1775, 2406, 1993, 1365, 1760, 1524, 1724, 1880, 1408, 1257, 1315, 1802, 1369, 1077, 1425, 1681, 1708, 985, 1266, 1134, 1036, 1583, 1120, 1035, 2147, 1347, 1430, 1493, 1150, 937, 510, 1047, 1743, 973, 1107, 1656, 946, 1292, 1143, 886, 888, 896, 1118, 897, 967, 702, 962, 1291, 1234, 1142, 882, 702, 745, 705, 864, 625, 484, 1000, 672, 844, 637, 837, 595, 935, 1025, 567, 985, 649, 865, 610, 757, 800, 1020, 1079, 925, 550, 519, 570, 497, 810, 722, 799, 539, 648, 861, 341, 421, 642, 641, 571, 243, 446, 677, 499, 720, 276, 632, 476, 436, 854, 437, 427, 303, 288, 442, 565, 354, 369, 499, 285, 309, 433, 653, 323, 106, 548, 428, 194, 416, 288, 369, 587, 246, 368, 158, 230, 208, 122, 308, 388, 128, 195, 200, 263, 276, 157, 172, 309, 399, 344, 200, 255, 289, 418, 274, 97, 454, 362, 144, 257, 152, 74, 212, 262, 167, 215, 175, 348, 155, 269, 300, 142, 136, 241, 151, 404, 113, 38, 368, 301, 210, 151, 213, 142, 323, 253, 58, 132, 192, 90, 72, 123, 94, 84, 93, 46, 61, 23, 130, 168, 107, 109, 199, 71, 90, 219, 94, 156, 147, 34, 195, 46, 124, 46, 40, 27, 52, 9, 0, 55, 31, 137, 142, 135, 103, 101, 76, 99, 101, 73, 126, 115, 111, 283, 0, 36, 64, 32, 52, 26, 0, 62, 12, 25, 37, 15, 0, 85, 144, 70, 0, 119, 25, 147, 16, 97, 21, 91, 62, 19, 48, 9, 12, 106, 53, 69, 30, 14, 51, 76, 35, 4, 9, 76, 63, 0, 0, 0, 120, 29, 0, 25, 37, 74, 61, 23, 4, 25, 0, 0, 36, 0, 38, 0, 22, 5, 0, 24, 71, 54, 3, 0, 8, 0, 1, 0, 66, 13, 11, 0, 0, 0, 14, 75, 14, 84, 0, 15, 0, 45, 0, 0, 19, 22, 65, 16, 15, 13, 18, 35, 0, 0, 26, 0, 0, 0, 19, 2, 80, 0, 0, 4, 0, 26, 0, 0, 0, 0, 31, 5, 0, 0, 0, 0, 0, 0, 0, 23, 0, 0, 0, 0, 0, 47, 0, 0, 0, 0, 12, 21, 0, 0, 3, 0, 6, 0, 0, 0, 0, 0, 0, 0, 0, 0, 0, 0, 0, 0, 55, 0, 0, 0, 0, 0, 0, 0, 0, 0, 0, 0, 0, 0, 0, 0, 0, 4, 0, 0, 0, 0, 0, 0, 0, 0, 0, 0, 0, 0, 0, 0, 0, 0, 0, 0, 0, 0, 0, 0, 0, 0, 0, 0, 0, 0, 0, 0, 0, 0, 0, 0, 0, 0, 0, 0, 0, 0, 0, 0, 0, 0, 0, 0, 0, 0, 0, 0, 0, 0, 0, 0, 0, 0, 0, 0, 0, 0, 0, 0, 0, 0, 0, 0, 0, 0, 0, 0, 0, 0, 0, 0, 0, 0, 0, 0, 0, 0, 0, 0, 0, 0, 0, 0, 0, 0, 0, 0, 0, 0, 0, 0, 0, 0, 0, 0, 0, 0, 0, 0, 0, 0, 0, 0, 0, 0, 0, 0, 0, 0, 0, 0, 0, 0, 0, 0, 0, 0, 0, 0, 0, 0, 0, 0, 0, 0, 0, 0, 0, 0, 0, 0, 0, 0, 0, 0, 0, 0, 0, 0, 0, 0, 0, 0, 0, 0, 0, 0, 0, 0, 0, 0, 0, 0, 0, 0, 0, 0, 0, 0, 0, 0, 0, 0, 0, 0, 0, 0, 0, 0, 0, 0, 0, 0, 0, 0, 0, 0, 0, 0, 0, 0, 0, 0, 0, 0, 0, 0, 0, 0, 0, 0, 0, 0, 0, 0, 0, 0, 0, 0, 0, 0, 0, 0, 0, 0, 0, 0, 0, 0, 0, 0, 0, 0, 0, 0, 0, 0, 0, 0, 0, 0, 0, 0, 0, 0, 0, 0, 0, 0, 0, 0, 0, 0, 0, 0, 0, 0, 0, 0, 0, 0, 0, 0, 0, 0, 0, 0, 0, 0, 0, 0, 0, 0, 0, 0, 0, 0, 0, 0, 0, 0, 0, 0, 0, 0, 0, 0, 0, 0, 0, 0, 0, 0, 0, 0, 0, 0, 0, 0, 0, 0, 0, 0, 0, 0, 0, 0, 0, 0, 0, 0, 0, 0, 0, 0, 0, 0, 0, 0, 0, 0, 0, 0, 0, 0, 0, 0, 0, 0, 0, 0, 0, 0, 0, 0, 0, 0, 0, 0, 0, 0, 0, 0, 0, 0, 0, 0, 0, 0, 0, 0, 0, 0, 0, 0, 0, 0, 0, 0, 0, 0, 0, 0, 0, 0, 0, 0, 0, 0, 0, 0, 0, 0, 0, 0, 0, 0, 0, 0, 0, 0, 0, 0, 0, 0, 0, 0, 0, 0, 0, 0, 0, 0, 0, 0, 0, 0, 0, 0, 0, 0, 0, 0, 0, 0, 0, 0, 0, 0, 0, 0, 0, 0, 0, 0, 0, 0, 0, 0, 0, 0, 0, 0, 0, 0, 0, 0, 0, 0, 0, 0, 0, 0, 0, 0, 0, 0, 0, 0, 0, 0, 0, 0, 0, 0, 0, 0, 0, 0, 0, 0, 0, 0, 0, 0, 0, 0, 0, 0, 0, 0, 0, 0, 0, 0, 0, 0, 0, 0, 0, 0, 0, 0, 0, 0, 0, 0, 0, 0, 0, 0, 0, 0, 0, 0, 0, 0, 0, 0, 0, 0, 0, 0, 0, 0, 0, 0, 0, 0, 0, 0, 0, 0, 0, 0, 0, 0, 0, 0, 0, 0, 0, 0, 0, 0, 0, 0, 0, 0, 0, 0, 0, 0, 0, 0, 0, 0, 0, 0, 0, 0, 0, 0, 0, 0, 0, 0, 0, 0, 0, 0, 0, 0, 0, 0, 0, 0, 0, 0, 0]
