n = 300
v = 200
λ = 212.7289377826375
λ_0 = 292.9697257433006 (без учёта столкновений со стенками)
столкновений со стенками за секунду: 68.45
столкновений между собой за секунду: 90.735
время: 600
средняя скорость: 177.21731947341794
наиболее вероятная скорость: 126.25
P: 13.291304032659191
nmax: 67445
[0, 283, 2212, 2031, 2757, 4387, 4047, 7616, 9433, 9964, 6813, 7456, 8267, 11376, 13249, 15049, 8658, 14061, 17901, 18161, 17942, 19486, 18566, 16843, 21262, 22536, 19410, 23902, 20379, 22877, 25052, 23473, 23771, 28279, 30574, 29179, 26726, 24823, 27966, 32472, 33940, 35312, 30833, 34830, 30149, 33465, 37236, 34384, 31880, 35196, 36383, 36553, 36779, 44906, 44024, 41768, 44961, 41728, 41368, 40193, 38878, 43165, 47705, 40592, 47643, 42964, 47119, 56635, 47668, 48635, 47181, 49546, 45452, 48319, 52156, 53341, 53477, 52546, 55155, 59612, 55863, 54414, 57523, 52407, 57965, 51290, 55479, 60328, 44973, 53235, 50917, 50045, 50876, 56303, 52284, 58977, 65042, 56253, 56270, 52898, 58729, 67446, 57294, 49983, 61343, 56777, 57167, 58783, 61676, 63914, 58328, 60577, 56422, 51715, 59323, 55321, 57459, 56090, 60935, 59836, 59572, 56513, 56862, 54759, 55003, 57433, 53383, 59626, 59903, 59458, 52524, 52919, 55288, 55992, 51800, 63524, 55397, 61164, 55874, 53027, 52502, 55280, 53077, 57167, 52442, 54125, 55209, 46928, 54114, 56072, 54831, 54435, 48856, 56007, 50608, 50986, 53383, 48487, 48533, 52917, 46277, 51096, 49570, 48202, 50745, 47164, 49111, 45085, 50627, 44432, 47179, 40295, 46416, 47447, 45152, 43968, 45984, 45371, 51525, 42379, 41088, 38814, 39909, 39069, 42823, 46126, 42940, 39192, 40251, 40713, 42166, 37657, 40053, 39346, 33975, 35934, 38933, 34922, 32292, 34231, 35645, 31330, 37675, 36085, 30935, 32399, 31479, 32592, 33173, 29388, 28769, 27304, 35553, 28802, 31823, 32162, 28021, 29920, 33481, 25210, 30583, 25418, 24286, 28375, 29102, 24336, 25619, 24773, 25813, 23598, 25096, 22069, 25021, 24387, 23189, 23898, 17147, 21836, 21452, 21183, 20941, 19031, 19419, 17058, 17523, 18898, 17049, 21102, 19647, 15306, 20849, 17657, 21499, 20063, 15283, 16095, 15884, 17172, 14728, 17372, 16214, 15492, 15799, 14989, 14100, 12669, 15632, 13704, 13776, 14619, 11744, 13644, 10171, 14991, 12815, 12893, 11990, 15729, 11109, 10974, 11013, 10851, 11859, 9167, 10594, 8405, 11791, 10430, 13227, 10415, 8408, 8397, 8780, 9623, 8791, 10563, 8152, 9886, 8792, 7007, 7153, 6495, 7918, 7424, 7809, 6227, 7174, 7251, 6794, 4876, 4954, 5444, 5798, 5232, 5692, 4161, 5438, 4441, 5855, 5659, 4829, 4511, 4602, 4939, 3800, 4818, 5105, 4109, 4915, 5419, 3413, 3006, 3083, 3822, 4373, 3437, 3281, 2515, 2913, 2963, 3268, 2484, 2366, 4034, 3327, 2488, 2489, 2343, 2218, 2131, 2692, 2272, 1322, 1637, 2130, 1855, 1552, 1782, 2148, 1609, 2123, 1591, 1631, 1788, 1850, 1292, 1174, 1701, 1629, 1855, 1964, 1376, 1333, 766, 1131, 1316, 1582, 2004, 1189, 1286, 730, 1246, 740, 1214, 1094, 1270, 792, 987, 1075, 958, 763, 738, 720, 521, 450, 879, 1219, 365, 448, 844, 780, 331, 499, 779, 691, 1020, 748, 606, 395, 465, 269, 354, 481, 189, 491, 622, 526, 379, 313, 534, 583, 638, 463, 369, 622, 438, 452, 104, 340, 478, 233, 157, 457, 357, 139, 284, 256, 147, 407, 504, 84, 23, 309, 250, 296, 127, 345, 148, 36, 131, 207, 242, 101, 128, 0, 183, 41, 0, 159, 275, 66, 36, 142, 24, 119, 112, 94, 142, 0, 55, 84, 240, 29, 13, 0, 96, 47, 0, 0, 96, 44, 35, 50, 14, 304, 20, 0, 68, 4, 0, 0, 0, 135, 0, 14, 0, 13, 0, 164, 0, 5, 43, 0, 32, 47, 71, 0, 143, 0, 0, 7, 0, 54, 0, 0, 0, 0, 18, 0, 0, 0, 0, 46, 16, 0, 7, 0, 0, 0, 0, 0, 0, 0, 0, 0, 0, 0, 0, 0, 0, 1, 0, 0, 0, 0, 19, 0, 0, 0, 17, 0, 0, 0, 0, 0, 0, 14, 15, 0, 0, 0, 0, 38, 0, 0, 82, 0, 0, 0, 0, 0, 0, 0, 7, 0, 0, 3, 0, 0, 17, 0, 0, 15, 0, 0, 0, 0, 0, 0, 0, 0, 0, 0, 0, 0, 0, 0, 0, 0, 0, 0, 52, 0, 34, 0, 0, 0, 0, 0, 0, 0, 0, 0, 0, 0, 0, 0, 0, 0, 0, 0, 0, 0, 0, 0, 0, 0, 0, 0, 0, 0, 0, 0, 0, 0, 0, 0, 0, 0, 0, 0, 0, 0, 0, 0, 0, 0, 0, 0, 0, 0, 0, 0, 0, 0, 0, 0, 0, 0, 0, 0, 0, 0, 0, 0, 0, 0, 0, 0, 0, 0, 0, 0, 0, 0, 0, 0, 0, 0, 0, 0, 0, 0, 0, 0, 0, 0, 0, 0, 0, 0, 0, 0, 0, 0, 0, 0, 0, 0, 0, 0, 0, 0, 0, 0, 0, 0, 0, 0, 0, 0, 0, 0, 0, 0, 0, 0, 0, 0, 0, 0, 0, 0, 0, 0, 0, 0, 0, 0, 0, 0, 0, 0, 0, 0, 0, 0, 0, 0, 0, 0, 0, 0, 0, 0, 0, 0, 0, 0, 0, 0, 0, 0, 0, 0, 0, 0, 0, 0, 0, 0, 0, 0, 0, 0, 0, 0, 0, 0, 0, 0, 0, 0, 0, 0, 0, 0, 0, 0, 0, 0, 0, 0, 0, 0, 0, 0, 0, 0, 0, 0, 0, 0, 0, 0, 0, 0, 0, 0, 0, 0, 0, 0, 0, 0, 0, 0, 0, 0, 0, 0, 0, 0, 0, 0, 0, 0, 0, 0, 0, 0, 0, 0, 0, 0, 0, 0, 0, 0, 0, 0, 0, 0, 0, 0, 0, 0, 0, 0, 0, 0, 0, 0, 0, 0, 0, 0, 0, 0, 0, 0, 0, 0, 0, 0, 0, 0, 0, 0, 0, 0, 0, 0, 0, 0, 0, 0, 0, 0, 0, 0, 0, 0, 0, 0, 0, 0, 0, 0, 0, 0, 0, 0, 0, 0, 0, 0, 0, 0, 0, 0, 0, 0, 0, 0, 0, 0, 0, 0, 0, 0, 0, 0, 0, 0, 0, 0, 0, 0, 0, 0, 0, 0, 0, 0, 0, 0, 0, 0, 0, 0, 0, 0, 0, 0, 0, 0, 0, 0, 0, 0, 0, 0, 0, 0, 0, 0, 0, 0, 0, 0, 0, 0, 0, 0, 0, 0, 0, 0, 0, 0, 0, 0, 0, 0, 0, 0, 0, 0, 0, 0, 0, 0, 0, 0, 0, 0, 0, 0, 0, 0, 0, 0, 0, 0, 0, 0, 0, 0, 0, 0, 0, 0, 0, 0, 0, 0, 0, 0, 0, 0, 0, 0, 0, 0, 0, 0, 0, 0, 0, 0, 0, 0, 0, 0, 0, 0, 0, 0, 0, 0, 0, 0, 0, 0, 0, 0, 0, 0, 0, 0, 0, 0, 0, 0, 0, 0, 0, 0, 0, 0, 0, 0, 0, 0, 0, 0, 0, 0, 0, 0, 0, 0, 0, 0, 0, 0, 0, 0, 0, 0, 0, 0, 0, 0, 0, 0, 0, 0, 0, 0, 0, 0, 0, 0, 0, 0, 0, 0, 0, 0, 0, 0, 0, 0, 0, 0, 0, 0, 0, 0, 0, 0, 0, 0, 0, 0, 0, 0, 0, 0, 0, 0, 0, 0, 0, 0, 0, 0, 0, 0, 0, 0, 0, 0, 0, 0, 0, 0, 0, 0, 0, 0, 0, 0, 0, 0, 0, 0, 0, 0, 0, 0, 0, 0, 0, 0, 0, 0, 0, 0, 0, 0, 0, 0, 0, 0, 0, 0, 0, 0, 0, 0, 0, 0, 0, 0, 0, 0, 0, 0, 0, 0, 0, 0, 0, 0, 0, 0, 0, 0, 0, 0, 0, 0, 0, 0, 0, 0, 0, 0, 0, 0, 0, 0, 0, 0, 0, 0, 0, 0, 0, 0, 0, 0, 0, 0, 0, 0, 0, 0, 0, 0, 0, 0, 0, 0, 0, 0, 0, 0, 0, 0, 0, 0, 0, 0, 0, 0, 0, 0, 0, 0, 0, 0, 0, 0, 0, 0, 0, 0, 0, 0, 0, 0, 0, 0, 0, 0, 0, 0, 0, 0, 0, 0, 0, 0, 0, 0, 0, 0, 0, 0, 0, 0, 0, 0, 0, 0, 0, 0, 0, 0, 0, 0, 0, 0, 0, 0, 0, 0, 0, 0, 0, 0, 0, 0, 0, 0, 0, 0, 0, 0, 0, 0, 0, 0, 0, 0, 0, 0, 0, 0, 0, 0, 0, 0, 0, 0, 0, 0, 0, 0, 0, 0, 0, 0, 0, 0, 0, 0, 0, 0, 0, 0, 0, 0, 0, 0, 0, 0, 0, 0, 0, 0, 0, 0, 0, 0, 0, 0, 0, 0, 0, 0, 0, 0, 0, 0, 0, 0, 0, 0, 0, 0, 0, 0, 0, 0, 0, 0, 0, 0, 0, 0, 0, 0, 0, 0, 0, 0, 0, 0, 0, 0, 0, 0, 0, 0, 0, 0, 0, 0, 0, 0, 0, 0, 0, 0, 0, 0, 0, 0, 0, 0, 0, 0, 0, 0, 0, 0, 0, 0, 0, 0, 0, 0, 0, 0, 0, 0, 0, 0, 0, 0, 0, 0, 0, 0, 0, 0, 0, 0, 0, 0, 0, 0, 0, 0, 0, 0, 0, 0, 0, 0, 0, 0, 0, 0, 0, 0, 0, 0, 0, 0, 0, 0, 0, 0, 0, 0, 0, 0, 0, 0, 0, 0, 0, 0, 0, 0, 0, 0, 0, 0, 0, 0, 0, 0, 0, 0, 0, 0, 0, 0, 0, 0, 0, 0, 0, 0, 0, 0, 0, 0, 0, 0, 0, 0, 0, 0, 0, 0, 0, 0, 0, 0, 0, 0, 0, 0, 0, 0, 0, 0, 0, 0, 0, 0, 0, 0, 0, 0, 0, 0, 0, 0, 0, 0, 0, 0, 0, 0, 0, 0, 0, 0, 0, 0, 0, 0, 0, 0, 0, 0, 0, 0, 0, 0, 0, 0, 0, 0, 0, 0, 0, 0, 0, 0, 0, 0, 0, 0, 0, 0, 0, 0, 0, 0, 0, 0, 0, 0, 0, 0, 0, 0, 0, 0, 0, 0, 0, 0, 0, 0, 0, 0, 0, 0, 0, 0, 0, 0, 0, 0, 0, 0, 0, 0, 0, 0, 0, 0, 0, 0, 0, 0, 0, 0, 0, 0, 0, 0, 0, 0, 0, 0, 0, 0, 0, 0, 0, 0, 0, 0, 0, 0, 0, 0, 0]
