n = 100
v = 200
λ = 413.57204799305003
λ_0 = 878.0015397812044 (без учёта столкновений со стенками)
столкновений со стенками за секунду: 22.601666666666667
столкновений между собой за секунду: 10.063333333333333
время: 600
средняя скорость: 176.7125318318737
наиболее вероятная скорость: 148.75
P: 4.417811080999094
nmax: 29281
[0, 1663, 169, 3, 683, 462, 1060, 2482, 1960, 3474, 3965, 2850, 3164, 3575, 6995, 3423, 6069, 6003, 7626, 3430, 4053, 6509, 9793, 3247, 5734, 6281, 3119, 6894, 5858, 7655, 10523, 7929, 14277, 11392, 8841, 7115, 8948, 9791, 10933, 5919, 12385, 9130, 12190, 14736, 12208, 17887, 9527, 12682, 20472, 14705, 14196, 12404, 6028, 8889, 18025, 18215, 9786, 13335, 6572, 17088, 21602, 7456, 15737, 16010, 17214, 20138, 12250, 13257, 22204, 12434, 11299, 20740, 18603, 21071, 13877, 18337, 14086, 15788, 14343, 10967, 16798, 24476, 17012, 23870, 15979, 14433, 16004, 13626, 18494, 16263, 16295, 24605, 23748, 16565, 21601, 16592, 20677, 17459, 22230, 18323, 17934, 18805, 19507, 22966, 25827, 15616, 19735, 18909, 17864, 15808, 19830, 23392, 21761, 18264, 20998, 25124, 20850, 23952, 18502, 29282, 21647, 19220, 16053, 20165, 16550, 23683, 12648, 24118, 13717, 18888, 13845, 23200, 14669, 13919, 19060, 21031, 19254, 17922, 27039, 18029, 12015, 15333, 21484, 17755, 20869, 15117, 9748, 12928, 20151, 18539, 20800, 14206, 15229, 19455, 21558, 20697, 14655, 13477, 19398, 16266, 11989, 12207, 19034, 10382, 15822, 17089, 14991, 15694, 17498, 14565, 16832, 14925, 10813, 14253, 12606, 13523, 14021, 10836, 11805, 10279, 8197, 13420, 17021, 15556, 18304, 14944, 12188, 14076, 15622, 14433, 11173, 13251, 10930, 11980, 9662, 14282, 9964, 14479, 11158, 11347, 11139, 8348, 11525, 11317, 7094, 14340, 11608, 12860, 8716, 11188, 8342, 8937, 11241, 11457, 11334, 7549, 8617, 9698, 8644, 8570, 6268, 8101, 10861, 5927, 12628, 6070, 7138, 9826, 11329, 5685, 9312, 6295, 8099, 9615, 9664, 8717, 5924, 5255, 10007, 5631, 6049, 9294, 6576, 3876, 6146, 10047, 5209, 7647, 4767, 9735, 6769, 4465, 5168, 4566, 6342, 5833, 3641, 4511, 7300, 3878, 3899, 5518, 7610, 4760, 7579, 5726, 4024, 8188, 3227, 4551, 4474, 5839, 6590, 5053, 5091, 2747, 3123, 7776, 4887, 3859, 3096, 3455, 4588, 2666, 4117, 4199, 2460, 2442, 2798, 4333, 3094, 2528, 3699, 1182, 2344, 3887, 3750, 2878, 2589, 2134, 2642, 4073, 2274, 692, 3931, 2482, 1390, 2733, 2097, 2144, 1753, 1468, 904, 2234, 1240, 1316, 2550, 1523, 1220, 406, 1497, 1744, 1984, 121, 1666, 1382, 476, 2243, 3286, 1025, 2972, 1416, 1885, 2364, 1359, 601, 1222, 451, 770, 1564, 839, 424, 439, 381, 734, 1286, 740, 1520, 1261, 149, 378, 96, 719, 720, 0, 926, 1275, 862, 374, 833, 309, 622, 212, 944, 311, 588, 750, 393, 682, 570, 1004, 1148, 696, 589, 361, 326, 877, 334, 421, 478, 324, 442, 52, 253, 136, 0, 72, 250, 455, 108, 401, 0, 208, 326, 655, 87, 244, 241, 312, 103, 206, 123, 111, 0, 1764, 380, 0, 464, 237, 65, 578, 190, 74, 676, 0, 230, 488, 0, 209, 224, 67, 352, 327, 0, 0, 101, 0, 152, 152, 0, 450, 35, 159, 0, 202, 0, 0, 0, 274, 116, 4, 0, 0, 56, 0, 204, 118, 227, 0, 0, 8, 0, 33, 0, 0, 119, 32, 0, 0, 0, 22, 153, 0, 0, 266, 0, 0, 0, 0, 0, 0, 0, 0, 0, 0, 0, 59, 0, 0, 0, 0, 0, 172, 0, 0, 0, 0, 0, 0, 0, 0, 22, 0, 0, 0, 0, 0, 0, 0, 0, 0, 0, 0, 0, 0, 0, 0, 0, 0, 0, 0, 0, 33, 0, 0, 0, 0, 0, 0, 0, 0, 0, 0, 0, 0, 0, 0, 43, 0, 0, 0, 0, 0, 0, 0, 0, 0, 0, 0, 0, 0, 0, 0, 0, 0, 0, 0, 0, 0, 0, 0, 0, 0, 0, 0, 0, 0, 0, 0, 0, 0, 0, 0, 0, 0, 24, 0, 0, 0, 0, 0, 0, 0, 0, 0, 0, 0, 0, 0, 0, 0, 0, 0, 0, 0, 0, 0, 0, 0, 0, 0, 0, 0, 0, 0, 0, 0, 0, 0, 0, 0, 0, 0, 0, 0, 0, 0, 0, 0, 0, 0, 0, 0, 0, 0, 0, 0, 0, 0, 0, 0, 0, 0, 0, 0, 0, 0, 0, 0, 0, 0, 0, 0, 0, 0, 0, 0, 0, 0, 0, 0, 0, 0, 0, 0, 0, 0, 0, 0, 0, 0, 0, 0, 0, 0, 0, 0, 0, 0, 0, 0, 0, 0, 0, 0, 0, 0, 0, 0, 0, 0, 0, 0, 0, 0, 0, 0, 0, 0, 0, 0, 0, 0, 0, 0, 0, 0, 0, 0, 0, 0, 0, 0, 0, 0, 0, 0, 0, 0, 0, 0, 0, 0, 0, 0, 0, 0, 0, 0, 0, 0, 0, 0, 0, 0, 0, 0, 0, 0, 0, 0, 0, 0, 0, 0, 0, 0, 0, 0, 0, 0, 0, 0, 0, 0, 0, 0, 0, 0, 0, 0, 0, 0, 0, 0, 0, 0, 0, 0, 0, 0, 0, 0, 0, 0, 0, 0, 0, 0, 0, 0, 0, 0, 0, 0, 0, 0, 0, 0, 0, 0, 0, 0, 0, 0, 0, 0, 0, 0, 0, 0, 0, 0, 0, 0, 0, 0, 0, 0, 0, 0, 0, 0, 0, 0, 0, 0, 0, 0, 0, 0, 0, 0, 0, 0, 0, 0, 0, 0, 0, 0, 0, 0, 0, 0, 0, 0, 0, 0, 0, 0, 0, 0, 0, 0, 0, 0, 0, 0, 0, 0, 0, 0, 0, 0, 0, 0, 0, 0, 0, 0, 0, 0, 0, 0, 0, 0, 0, 0, 0, 0, 0, 0, 0, 0, 0, 0, 0, 0, 0, 0, 0, 0, 0, 0, 0, 0, 0, 0, 0, 0, 0, 0, 0, 0, 0, 0, 0, 0, 0, 0, 0, 0, 0, 0, 0, 0, 0, 0, 0, 0, 0, 0, 0, 0, 0, 0, 0, 0, 0, 0, 0, 0, 0, 0, 0, 0, 0, 0, 0, 0, 0, 0, 0, 0, 0, 0, 0, 0, 0, 0, 0, 0, 0, 0, 0, 0, 0, 0, 0, 0, 0, 0, 0, 0, 0, 0, 0, 0, 0, 0, 0, 0, 0, 0, 0, 0, 0, 0, 0, 0, 0, 0, 0, 0, 0, 0, 0, 0, 0, 0, 0, 0, 0, 0, 0, 0, 0, 0, 0, 0, 0, 0, 0, 0, 0, 0, 0, 0, 0, 0, 0, 0, 0, 0, 0, 0, 0, 0, 0, 0, 0, 0, 0, 0, 0, 0, 0, 0, 0, 0, 0, 0, 0, 0, 0, 0, 0, 0, 0, 0, 0, 0, 0, 0, 0, 0, 0, 0, 0, 0, 0, 0, 0, 0, 0, 0, 0, 0, 0, 0, 0, 0, 0, 0, 0, 0, 0, 0, 0, 0, 0, 0, 0, 0, 0, 0, 0, 0, 0, 0, 0, 0, 0, 0, 0, 0, 0, 0, 0, 0, 0, 0, 0, 0, 0, 0, 0, 0, 0, 0, 0, 0, 0, 0, 0, 0, 0, 0, 0, 0, 0, 0, 0, 0, 0, 0, 0, 0, 0, 0, 0, 0, 0, 0, 0, 0, 0, 0, 0, 0, 0, 0, 0, 0, 0, 0, 0, 0, 0, 0, 0, 0, 0, 0, 0, 0, 0, 0, 0, 0, 0, 0, 0, 0, 0, 0, 0, 0, 0, 0, 0, 0, 0, 0, 0, 0, 0, 0, 0, 0, 0, 0, 0, 0, 0, 0, 0, 0, 0, 0, 0, 0, 0, 0, 0, 0, 0, 0, 0, 0, 0, 0, 0, 0, 0, 0, 0, 0, 0, 0, 0, 0, 0, 0, 0, 0, 0, 0, 0, 0, 0, 0, 0, 0, 0, 0, 0, 0, 0, 0, 0, 0, 0, 0, 0, 0, 0, 0, 0, 0, 0, 0, 0, 0, 0, 0, 0, 0, 0, 0, 0, 0, 0, 0, 0, 0, 0, 0, 0, 0, 0, 0, 0, 0, 0, 0, 0, 0, 0, 0, 0, 0, 0, 0, 0, 0, 0, 0, 0, 0, 0, 0, 0, 0, 0, 0, 0, 0, 0, 0, 0, 0, 0, 0, 0, 0, 0, 0, 0, 0, 0, 0, 0, 0, 0, 0, 0, 0, 0, 0, 0, 0, 0, 0, 0, 0, 0, 0, 0, 0, 0, 0, 0, 0, 0, 0, 0, 0, 0, 0, 0, 0, 0, 0, 0, 0, 0, 0, 0, 0, 0, 0, 0, 0, 0, 0, 0, 0, 0, 0, 0, 0, 0, 0, 0, 0, 0, 0, 0, 0, 0, 0, 0, 0, 0, 0, 0, 0, 0, 0, 0, 0, 0, 0, 0, 0, 0, 0, 0, 0, 0, 0, 0, 0, 0, 0, 0, 0, 0, 0, 0, 0, 0, 0, 0, 0, 0, 0, 0, 0, 0, 0, 0, 0, 0, 0, 0, 0, 0, 0, 0, 0, 0, 0, 0, 0, 0, 0, 0, 0, 0, 0, 0, 0, 0, 0, 0, 0, 0, 0, 0, 0, 0, 0, 0, 0, 0, 0, 0, 0, 0, 0, 0, 0, 0, 0, 0, 0, 0, 0, 0, 0, 0, 0, 0, 0, 0, 0, 0, 0, 0, 0, 0, 0, 0, 0, 0, 0, 0, 0, 0, 0, 0, 0, 0, 0, 0, 0, 0, 0, 0, 0, 0, 0, 0, 0, 0, 0, 0, 0, 0, 0, 0, 0, 0, 0, 0, 0, 0, 0, 0, 0, 0, 0, 0, 0, 0, 0, 0, 0, 0, 0, 0, 0, 0, 0, 0, 0, 0, 0, 0, 0, 0, 0, 0, 0, 0, 0, 0, 0, 0, 0, 0, 0, 0, 0, 0, 0, 0, 0, 0, 0, 0, 0, 0, 0, 0, 0, 0, 0, 0, 0, 0, 0, 0, 0, 0, 0, 0, 0, 0, 0, 0, 0, 0, 0, 0, 0, 0, 0, 0, 0, 0, 0, 0, 0, 0, 0, 0, 0, 0, 0, 0, 0, 0, 0, 0, 0, 0, 0, 0, 0, 0, 0, 0, 0, 0, 0, 0, 0, 0, 0, 0, 0, 0, 0, 0, 0, 0, 0, 0, 0, 0, 0, 0, 0, 0, 0, 0, 0, 0, 0, 0, 0, 0, 0, 0, 0, 0, 0, 0, 0, 0, 0, 0, 0, 0, 0, 0]
