n = 100
v = 300
λ = 415.4529445965265
λ_0 = 888.5587872249863 (без учёта столкновений со стенками)
столкновений со стенками за секунду: 34.041666666666664
столкновений между собой за секунду: 14.946666666666667
время: 600
средняя скорость: 265.62000413617625
наиболее вероятная скорость: 228.75
P: 6.640496003194731
nmax: 20802
[0, 0, 0, 0, 0, 127, 0, 1178, 1434, 271, 1836, 1433, 2428, 468, 2028, 2520, 3139, 1495, 2261, 1738, 927, 3115, 3625, 3307, 3543, 2278, 4137, 4102, 3433, 5266, 2742, 7321, 3773, 3951, 4790, 3940, 8219, 6801, 5877, 5815, 2760, 5508, 5347, 5749, 3133, 5696, 4826, 5921, 4469, 5130, 3804, 4742, 5703, 4531, 7746, 4369, 6447, 5428, 5136, 7418, 5619, 8669, 5012, 4941, 5657, 7876, 11722, 4610, 4777, 8385, 10116, 6914, 5927, 8326, 11612, 9023, 9569, 10477, 10443, 8636, 7777, 9276, 9356, 11460, 6991, 11535, 8075, 8761, 9959, 9970, 12389, 10105, 13665, 13260, 6834, 11481, 12492, 13509, 11144, 9342, 11121, 11384, 11833, 11085, 8753, 11392, 13743, 8596, 9186, 12044, 13382, 10175, 11937, 12139, 10104, 9508, 8255, 13466, 7577, 9251, 9179, 16257, 8451, 14019, 9896, 9096, 12994, 11029, 8173, 11753, 8428, 6009, 17028, 11414, 10014, 12864, 11035, 11378, 10921, 11874, 9462, 15313, 15312, 9928, 15259, 16601, 15332, 15457, 16802, 16557, 13337, 8044, 17138, 16093, 11205, 8863, 13172, 14361, 20443, 13036, 14497, 14992, 14528, 14842, 12767, 14305, 13243, 9456, 14007, 14650, 11034, 11549, 12892, 15144, 9109, 11891, 14544, 11824, 15330, 13552, 14990, 8589, 13386, 20802, 11936, 15216, 11576, 8855, 14307, 13827, 11344, 10523, 15800, 14324, 13023, 11157, 7756, 10607, 11380, 13213, 14582, 9295, 13763, 12712, 10557, 11559, 20756, 9932, 10538, 11721, 12381, 12997, 11757, 16246, 11698, 10316, 13419, 16141, 11435, 9905, 12804, 9675, 13455, 12016, 13733, 10819, 13374, 10262, 11895, 8210, 11098, 12638, 10252, 11605, 12696, 8669, 14571, 5721, 14243, 9227, 12501, 11137, 7580, 9546, 9845, 8803, 12242, 10215, 12158, 10123, 12409, 8302, 6099, 10242, 9854, 5856, 7655, 8150, 9748, 8977, 10089, 9617, 10848, 8755, 7809, 10119, 6418, 8622, 8091, 10160, 11092, 5809, 9509, 6185, 8854, 7634, 8316, 6358, 7949, 8696, 10206, 8093, 8629, 11378, 7781, 11287, 10184, 5628, 8961, 4577, 8654, 9662, 8391, 7594, 7552, 9858, 9382, 6022, 6852, 6392, 6159, 6777, 5536, 5368, 9526, 7222, 8427, 7055, 7683, 9830, 5702, 5941, 7279, 7018, 10883, 7758, 9861, 10450, 6554, 5474, 5992, 5760, 4636, 6331, 7585, 6067, 4668, 5849, 9049, 6980, 6025, 7235, 3579, 5955, 8086, 8777, 9807, 5889, 5117, 8267, 4798, 8860, 8249, 4610, 3815, 4104, 6753, 4148, 2500, 6153, 6292, 3634, 3441, 5376, 6404, 5414, 6038, 4298, 4263, 4918, 5709, 5014, 2621, 5960, 6970, 5626, 6603, 4860, 5763, 3871, 4793, 2554, 3591, 3684, 2425, 5788, 1563, 4617, 4768, 2169, 3086, 3964, 4827, 3639, 3584, 3764, 4849, 3529, 6654, 3500, 3247, 2486, 3625, 3765, 3790, 4019, 4503, 4790, 3591, 3207, 2100, 4498, 2806, 1406, 2001, 2345, 2933, 2740, 3034, 1294, 4248, 3968, 1602, 3572, 3495, 1030, 2421, 3666, 3202, 2254, 2116, 2134, 1729, 2180, 1868, 2625, 2246, 2856, 2494, 1368, 1349, 1291, 2419, 1618, 1587, 1633, 2071, 1814, 3600, 2070, 2097, 2007, 3607, 2274, 948, 1020, 653, 2261, 1462, 2288, 1503, 2181, 2589, 404, 2279, 1689, 1268, 1528, 900, 1987, 1692, 689, 1590, 1564, 1927, 804, 911, 1703, 1383, 2042, 1364, 1171, 1365, 1782, 784, 1235, 1025, 924, 862, 2207, 274, 1674, 1334, 1580, 1047, 876, 965, 910, 1330, 1206, 461, 1220, 337, 619, 372, 1560, 532, 1043, 818, 856, 1078, 2346, 438, 1390, 658, 832, 409, 791, 1365, 653, 523, 603, 789, 370, 36, 626, 486, 425, 190, 670, 480, 130, 1170, 722, 317, 362, 444, 390, 736, 624, 1009, 1001, 384, 529, 745, 697, 0, 712, 814, 130, 1083, 0, 851, 794, 358, 616, 490, 684, 752, 520, 480, 645, 0, 242, 580, 35, 65, 176, 454, 490, 25, 473, 0, 424, 150, 48, 269, 65, 154, 46, 1, 117, 4, 121, 350, 432, 300, 164, 842, 96, 250, 85, 228, 113, 104, 175, 431, 128, 278, 207, 0, 9, 0, 115, 196, 432, 16, 800, 0, 49, 169, 0, 101, 245, 0, 165, 8, 20, 0, 9, 0, 0, 62, 0, 0, 0, 272, 115, 0, 23, 145, 28, 467, 187, 47, 0, 71, 66, 17, 0, 0, 24, 0, 23, 0, 0, 0, 160, 0, 0, 0, 0, 0, 0, 127, 0, 0, 0, 0, 0, 0, 0, 26, 0, 3, 51, 54, 0, 0, 0, 0, 0, 0, 0, 0, 0, 0, 0, 193, 0, 0, 0, 175, 0, 9, 0, 0, 0, 23, 0, 0, 0, 20, 0, 0, 0, 0, 0, 0, 0, 0, 0, 0, 0, 0, 58, 0, 0, 0, 0, 0, 0, 0, 0, 0, 0, 0, 0, 0, 0, 0, 0, 260, 0, 0, 0, 0, 0, 0, 0, 0, 0, 19, 0, 0, 0, 0, 10, 0, 0, 0, 0, 0, 123, 0, 0, 0, 0, 0, 0, 0, 0, 0, 0, 0, 0, 0, 0, 0, 0, 0, 0, 30, 0, 0, 0, 28, 0, 0, 0, 0, 0, 18, 0, 0, 0, 73, 0, 0, 0, 208, 0, 0, 0, 0, 0, 0, 0, 0, 0, 0, 0, 0, 0, 0, 0, 0, 119, 0, 0, 0, 0, 0, 0, 0, 0, 0, 0, 0, 378, 0, 0, 0, 0, 0, 0, 0, 0, 0, 0, 0, 0, 0, 0, 0, 0, 0, 0, 0, 0, 0, 0, 0, 0, 0, 0, 0, 0, 0, 0, 0, 0, 0, 0, 0, 0, 0, 0, 0, 0, 0, 0, 0, 0, 0, 0, 0, 0, 0, 0, 0, 0, 0, 0, 0, 0, 0, 0, 0, 0, 0, 0, 0, 0, 0, 0, 0, 0, 0, 0, 0, 0, 0, 0, 0, 0, 0, 0, 0, 0, 0, 0, 0, 0, 0, 0, 0, 0, 0, 0, 0, 0, 0, 0, 0, 0, 0, 0, 0, 0, 0, 0, 0, 0, 0, 0, 0, 0, 0, 0, 0, 0, 0, 0, 0, 0, 0, 0, 0, 0, 0, 0, 0, 0, 0, 0, 0, 0, 0, 0, 0, 0, 0, 0, 0, 0, 0, 0, 0, 0, 0, 0, 0, 0, 0, 0, 0, 0, 0, 0, 0, 0, 0, 0, 0, 0, 0, 0, 0, 0, 0, 0, 0, 0, 0, 0, 0, 0, 0, 0, 0, 0, 0, 0, 0, 0, 0, 0, 0, 0, 0, 0, 0, 0, 0, 0, 0, 0, 0, 0, 0, 0, 0, 0, 0, 0, 0, 0, 0, 0, 0, 0, 0, 0, 0, 0, 0, 0, 0, 0, 0, 0, 0, 0, 0, 0, 0, 0, 0, 0, 0, 0, 0, 0, 0, 0, 0, 0, 0, 0, 0, 0, 0, 0, 0, 0, 0, 0, 0, 0, 0, 0, 0, 0, 0, 0, 0, 0, 0, 0, 0, 0, 0, 0, 0, 0, 0, 0, 0, 0, 0, 0, 0, 0, 0, 0, 0, 0, 0, 0, 0, 0, 0, 0, 0, 0, 0, 0, 0, 0, 0, 0, 0, 0, 0, 0, 0, 0, 0, 0, 0, 0, 0, 0, 0, 0, 0, 0, 0, 0, 0, 0, 0, 0, 0, 0, 0, 0, 0, 0, 0, 0, 0, 0, 0, 0, 0, 0, 0, 0, 0, 0, 0, 0, 0, 0, 0, 0, 0, 0, 0, 0, 0, 0, 0, 0, 0, 0, 0, 0, 0, 0, 0, 0, 0, 0, 0, 0, 0, 0, 0, 0, 0, 0, 0, 0, 0, 0, 0, 0, 0, 0, 0, 0, 0, 0, 0, 0, 0, 0, 0, 0, 0, 0, 0, 0, 0, 0, 0, 0, 0, 0, 0, 0, 0, 0, 0, 0, 0, 0, 0, 0, 0, 0, 0, 0, 0, 0, 0, 0, 0, 0, 0, 0, 0, 0, 0, 0, 0, 0, 0, 0, 0, 0, 0, 0, 0, 0, 0, 0, 0, 0, 0, 0, 0, 0, 0, 0, 0, 0, 0, 0, 0, 0, 0, 0, 0, 0, 0, 0, 0, 0, 0, 0, 0, 0, 0, 0, 0, 0, 0, 0, 0, 0, 0, 0, 0, 0, 0, 0, 0, 0, 0, 0, 0, 0, 0, 0, 0, 0, 0, 0, 0, 0, 0, 0, 0, 0, 0, 0, 0, 0, 0, 0, 0, 0, 0, 0, 0, 0, 0, 0, 0, 0, 0, 0, 0, 0, 0, 0, 0, 0, 0, 0, 0, 0, 0, 0, 0, 0, 0, 0, 0, 0, 0, 0, 0, 0, 0, 0, 0, 0, 0, 0, 0, 0, 0, 0, 0, 0, 0, 0, 0, 0, 0, 0, 0, 0, 0, 0, 0, 0, 0, 0, 0, 0, 0, 0, 0, 0, 0, 0, 0, 0, 0, 0, 0, 0, 0, 0, 0, 0, 0, 0, 0, 0, 0, 0, 0, 0, 0, 0, 0, 0, 0, 0, 0, 0, 0, 0, 0, 0, 0, 0, 0, 0, 0, 0, 0, 0, 0, 0, 0, 0, 0, 0, 0, 0, 0, 0, 0, 0, 0, 0, 0, 0, 0, 0, 0, 0, 0, 0, 0, 0, 0, 0, 0, 0, 0, 0, 0, 0, 0, 0, 0, 0, 0, 0, 0, 0, 0, 0, 0, 0, 0, 0, 0, 0, 0, 0, 0, 0, 0, 0, 0, 0, 0, 0, 0, 0, 0, 0, 0, 0, 0, 0, 0, 0, 0, 0, 0, 0, 0, 0, 0, 0, 0, 0, 0, 0, 0, 0, 0, 0, 0, 0, 0, 0, 0, 0, 0, 0, 0, 0, 0, 0, 0, 0, 0, 0, 0, 0, 0, 0, 0, 0, 0, 0, 0, 0, 0, 0, 0, 0, 0, 0, 0, 0, 0, 0, 0, 0, 0, 0, 0, 0, 0, 0, 0, 0, 0, 0, 0, 0, 0, 0, 0, 0, 0, 0, 0, 0, 0, 0, 0, 0, 0, 0, 0, 0, 0, 0, 0, 0, 0, 0, 0, 0, 0, 0, 0, 0, 0, 0, 0, 0, 0, 0, 0, 0, 0, 0, 0, 0, 0, 0, 0, 0, 0, 0, 0, 0, 0, 0, 0, 0, 0, 0, 0, 0, 0, 0, 0, 0, 0, 0, 0, 0, 0, 0, 0, 0, 0, 0, 0, 0, 0, 0, 0, 0]
