n = 400
v = 300
λ = 170.76879036410384
λ_0 = 219.14767158368014 (без учёта столкновений со стенками)
столкновений со стенками за секунду: 137.515
столкновений между собой за секунду: 242.70166666666665
время: 600
средняя скорость: 265.9363128861835
наиболее вероятная скорость: 240.0
P: 26.593752569739237
nmax: 55420
[125, 290, 879, 1478, 2791, 2986, 2769, 2683, 3096, 3827, 4399, 5812, 5371, 8405, 7592, 7123, 10207, 8531, 7141, 9201, 10812, 10751, 10729, 11307, 14047, 15296, 13194, 13757, 14360, 12351, 15085, 14666, 14194, 15571, 17371, 18888, 17619, 19902, 17464, 19281, 16151, 18599, 19388, 20042, 17969, 21498, 21580, 18803, 21560, 22422, 20825, 26850, 25432, 25386, 28159, 26205, 26442, 28591, 28737, 27650, 25819, 31119, 30013, 27635, 28222, 33806, 32571, 34646, 31708, 31293, 31322, 26247, 33417, 32470, 33596, 31832, 35053, 35256, 32887, 36188, 31958, 34738, 37389, 42523, 37500, 40572, 34658, 38481, 35537, 39871, 36494, 35160, 38532, 42369, 43311, 41336, 39544, 43199, 44227, 45707, 43036, 44015, 44410, 43618, 43447, 47234, 43577, 42940, 46165, 44288, 41590, 42645, 43218, 49559, 48489, 45344, 48599, 48215, 48538, 43343, 47098, 46559, 46559, 48284, 49387, 45861, 49331, 51300, 45539, 51210, 48844, 48511, 46052, 49920, 45123, 52105, 48807, 47426, 47873, 51414, 49074, 48604, 50786, 49140, 45828, 50083, 53578, 50895, 51173, 51454, 48643, 48840, 48233, 47578, 48378, 50620, 49876, 53852, 53037, 49041, 51915, 48983, 51284, 52489, 52468, 51442, 51252, 53902, 47768, 48813, 50669, 46511, 49873, 49440, 49700, 54286, 49763, 52674, 53558, 47401, 51536, 49539, 53919, 53108, 51871, 51562, 54526, 50204, 49825, 49395, 47909, 55224, 55421, 47735, 52016, 52368, 50793, 50807, 49539, 49966, 50258, 45671, 51433, 46244, 51304, 45009, 49439, 51881, 51449, 47821, 47644, 47656, 48841, 44188, 45958, 51066, 48155, 43469, 49126, 44431, 49119, 48148, 47521, 48681, 44763, 45844, 45360, 45782, 46016, 46755, 48079, 42801, 46742, 45255, 45434, 44235, 46776, 43874, 47053, 42430, 39526, 44006, 41596, 44359, 40516, 43223, 42163, 39742, 41520, 42059, 41528, 43520, 45467, 40723, 37830, 44519, 44739, 45006, 38298, 41235, 40145, 39109, 39727, 39534, 40603, 41500, 36991, 41482, 39910, 37763, 39583, 39484, 39110, 38637, 39788, 37479, 35329, 33353, 36331, 35388, 36480, 37594, 37607, 33804, 35454, 36714, 31147, 36691, 31802, 34747, 34810, 34242, 33267, 34556, 36266, 29277, 32826, 34101, 31521, 32955, 32095, 30050, 33740, 32986, 29724, 29679, 30486, 29928, 29580, 29105, 29902, 28271, 30356, 27405, 26792, 27098, 27495, 27399, 29202, 26189, 29548, 27940, 25342, 27427, 26225, 25372, 27384, 25697, 26238, 25794, 24141, 27469, 25555, 25167, 25056, 23064, 24975, 21697, 22963, 23853, 23137, 23524, 21954, 22553, 21902, 19639, 23263, 21499, 20560, 22377, 19493, 20887, 19833, 19422, 22464, 20424, 19124, 20426, 17246, 19023, 17671, 19212, 19377, 17387, 16987, 17581, 18160, 16000, 17734, 17419, 18807, 15168, 15492, 17674, 16098, 16486, 17045, 15295, 17383, 15476, 15594, 16300, 13723, 15608, 14637, 14918, 14492, 12628, 13164, 12987, 12349, 13957, 13774, 13690, 14689, 14518, 11953, 13586, 12088, 12816, 14972, 13236, 12167, 11536, 11979, 12473, 11431, 11618, 9916, 12045, 11554, 12191, 10093, 11039, 9866, 10647, 10249, 9651, 9872, 10464, 9224, 8810, 7907, 10263, 9046, 9360, 9757, 9038, 8343, 9742, 8466, 9366, 8711, 8997, 7013, 8978, 6877, 9113, 7249, 6965, 7985, 5990, 7243, 7948, 7590, 6693, 6281, 7543, 6373, 6382, 7085, 6826, 7528, 6623, 5879, 6413, 5928, 6664, 5080, 5469, 6834, 6322, 5082, 5513, 5489, 5338, 4515, 6053, 4664, 5643, 4649, 5559, 5789, 4539, 4928, 6026, 4563, 4609, 4062, 3620, 5346, 3996, 4476, 4531, 3549, 4296, 4282, 3401, 2919, 3431, 3720, 4366, 3947, 3682, 3579, 4015, 4188, 2854, 3526, 3087, 2722, 2954, 2731, 2608, 3587, 2718, 4081, 3175, 2506, 3320, 2493, 3079, 2532, 3010, 2776, 2805, 2518, 2271, 2425, 2071, 2789, 2862, 1984, 1844, 2885, 2630, 1999, 2310, 1992, 2633, 2343, 1639, 1961, 1437, 2043, 1630, 1805, 2071, 1408, 2100, 1609, 1037, 1353, 1256, 1762, 1337, 1411, 1680, 1987, 1262, 1181, 1454, 931, 1468, 1155, 1653, 973, 1126, 1777, 1198, 1452, 1045, 997, 904, 801, 1477, 1292, 990, 1304, 1122, 1259, 916, 824, 945, 655, 876, 1327, 738, 648, 1000, 1128, 712, 781, 470, 470, 996, 1203, 1024, 330, 854, 523, 801, 386, 389, 350, 639, 649, 749, 274, 473, 459, 647, 506, 824, 527, 294, 598, 513, 140, 504, 319, 377, 491, 213, 474, 498, 403, 631, 205, 249, 238, 434, 564, 304, 105, 540, 393, 214, 269, 320, 314, 239, 197, 174, 223, 195, 84, 195, 265, 258, 109, 286, 184, 219, 263, 269, 397, 283, 227, 258, 26, 341, 236, 231, 160, 215, 330, 63, 385, 142, 91, 117, 267, 186, 198, 130, 57, 107, 48, 49, 65, 241, 120, 137, 240, 14, 18, 95, 116, 82, 38, 44, 0, 62, 70, 87, 117, 101, 9, 125, 40, 83, 209, 177, 134, 8, 225, 78, 63, 36, 140, 21, 110, 29, 214, 25, 46, 35, 70, 0, 23, 19, 23, 94, 4, 154, 134, 30, 36, 13, 29, 16, 82, 21, 92, 14, 1, 0, 20, 75, 24, 121, 17, 79, 0, 57, 3, 0, 16, 0, 24, 38, 0, 0, 187, 119, 0, 0, 7, 0, 27, 79, 71, 102, 3, 6, 13, 0, 62, 0, 1, 0, 0, 0, 59, 0, 1, 0, 0, 0, 23, 5, 0, 0, 0, 3, 31, 0, 0, 4, 13, 12, 0, 0, 0, 16, 0, 0, 0, 0, 0, 0, 0, 0, 0, 0, 39, 15, 0, 0, 0, 14, 3, 0, 0, 0, 0, 7, 17, 0, 53, 18, 1, 0, 0, 0, 31, 0, 0, 0, 0, 0, 0, 0, 0, 0, 18, 0, 0, 0, 0, 19, 0, 0, 0, 3, 0, 0, 0, 2, 0, 16, 0, 0, 0, 0, 0, 0, 0, 0, 0, 0, 0, 0, 0, 0, 0, 0, 0, 0, 0, 0, 0, 5, 0, 0, 0, 0, 0, 0, 0, 0, 0, 0, 0, 0, 0, 0, 0, 0, 0, 0, 0, 0, 0, 0, 0, 0, 0, 0, 0, 0, 0, 0, 0, 0, 0, 0, 0, 0, 0, 0, 0, 0, 0, 0, 0, 0, 0, 0, 0, 0, 0, 0, 0, 0, 0, 0, 0, 35, 0, 0, 0, 0, 0, 0, 0, 0, 0, 0, 0, 0, 0, 0, 0, 0, 0, 0, 0, 0, 0, 0, 0, 0, 0, 0, 0, 0, 0, 0, 0, 0, 0, 0, 0, 0, 0, 0, 0, 0, 0, 0, 0, 0, 0, 0, 0, 0, 0, 0, 0, 0, 0, 0, 0, 0, 0, 0, 0, 0, 0, 0, 0, 0, 0, 0, 0, 0, 0, 0, 0, 0, 0, 0, 0, 0, 0, 0, 0, 0, 0, 0, 0, 0, 0, 0, 0, 0, 0, 0, 0, 0, 0, 0, 0, 0, 0, 0, 0, 0, 0, 0, 0, 0, 0, 0, 0, 0, 0, 0, 0, 0, 0, 0, 0, 0, 0, 0, 0, 0, 0, 0, 0, 0, 0, 0, 0, 0, 0, 0, 0, 0, 0, 0, 0, 0, 0, 0, 0, 0, 0, 0, 0, 0, 0, 0, 0, 0, 0, 0, 0, 0, 0, 0, 0, 0, 0, 0, 0, 0, 0, 0, 0, 0, 0, 0, 0, 0, 0, 0, 0, 0, 0, 0, 0, 0, 0, 0, 0, 0, 0, 0, 0, 0, 0, 0, 0, 0, 0, 0, 0, 0, 0, 0, 0, 0, 0, 0, 0, 0, 0, 0, 0, 0, 0, 0, 0, 0, 0, 0, 0, 0, 0, 0, 0, 0, 0, 0, 0, 0, 0, 0, 0, 0, 0, 0, 0, 0, 0, 0, 0, 0, 0, 0, 0, 0, 0, 0, 0, 0, 0, 0, 0, 0, 0, 0, 0, 0, 0, 0, 0, 0, 0, 0, 0, 0, 0, 0, 0, 0, 0, 0, 0, 0, 0, 0, 0, 0, 0, 0, 0, 0, 0, 0, 0, 0, 0, 0, 0, 0, 0, 0, 0, 0, 0, 0, 0, 0, 0, 0, 0, 0, 0, 0, 0, 0, 0, 0, 0, 0, 0, 0, 0, 0, 0, 0, 0, 0, 0, 0, 0, 0, 0, 0, 0, 0, 0, 0, 0, 0, 0, 0, 0, 0, 0, 0, 0, 0, 0, 0, 0, 0, 0, 0, 0, 0, 0, 0, 0, 0, 0, 0, 0, 0, 0, 0, 0, 0, 0, 0, 0, 0, 0, 0, 0, 0, 0, 0, 0, 0, 0, 0, 0, 0, 0, 0, 0, 0, 0, 0, 0, 0, 0, 0, 0, 0, 0, 0, 0, 0, 0, 0, 0, 0, 0, 0, 0, 0, 0, 0, 0, 0, 0, 0, 0, 0, 0, 0, 0, 0, 0, 0, 0, 0, 0, 0, 0, 0, 0, 0, 0, 0, 0, 0, 0, 0, 0, 0, 0, 0, 0, 0, 0, 0, 0, 0, 0, 0, 0, 0, 0, 0, 0, 0, 0, 0, 0, 0, 0, 0, 0, 0, 0, 0, 0, 0, 0, 0, 0, 0, 0, 0, 0, 0, 0, 0, 0, 0, 0, 0, 0, 0, 0, 0, 0, 0, 0, 0, 0, 0, 0, 0, 0, 0, 0, 0, 0, 0, 0, 0, 0, 0, 0, 0, 0, 0, 0, 0, 0, 0, 0, 0, 0, 0, 0, 0, 0, 0, 0, 0, 0, 0, 0, 0, 0, 0, 0, 0, 0, 0, 0, 0, 0, 0, 0, 0, 0, 0, 0, 0, 0, 0, 0, 0, 0, 0, 0, 0, 0, 0, 0, 0, 0, 0, 0, 0, 0, 0, 0, 0, 0, 0, 0, 0, 0, 0, 0, 0, 0, 0, 0, 0, 0, 0, 0, 0, 0, 0, 0, 0, 0, 0, 0, 0, 0, 0, 0, 0, 0, 0, 0, 0, 0, 0, 0, 0, 0, 0, 0, 0, 0, 0, 0, 0, 0, 0, 0, 0, 0, 0, 0, 0, 0, 0, 0, 0, 0, 0, 0, 0, 0, 0, 0, 0, 0, 0, 0, 0, 0, 0, 0, 0, 0, 0, 0, 0, 0, 0, 0, 0, 0, 0, 0, 0, 0, 0, 0, 0, 0, 0, 0, 0, 0, 0, 0, 0, 0, 0, 0, 0, 0, 0, 0, 0, 0, 0, 0, 0, 0, 0, 0, 0, 0, 0, 0, 0, 0, 0, 0, 0, 0, 0, 0, 0, 0, 0, 0, 0, 0, 0, 0, 0, 0, 0, 0, 0, 0, 0, 0, 0]
