n = 300
v = 300
λ = 213.02480345637673
λ_0 = 293.683741589498 (без учёта столкновений со стенками)
столкновений со стенками за секунду: 102.86666666666666
столкновений между собой за секунду: 135.83833333333334
время: 600
средняя скорость: 265.9563185474262
наиболее вероятная скорость: 181.25
P: 19.946754992307383
nmax: 42713
[0, 135, 1433, 978, 864, 2400, 1169, 3460, 3263, 2346, 3488, 4300, 3636, 5121, 5238, 5476, 5459, 6138, 5142, 6080, 7410, 9103, 8517, 8262, 6839, 9191, 9569, 8494, 9270, 9385, 8613, 11501, 12598, 12434, 12072, 12540, 14946, 12527, 14188, 14928, 15703, 17352, 17668, 14082, 16649, 12869, 17849, 16890, 17970, 19350, 16704, 22061, 16758, 16542, 19715, 18542, 21866, 19518, 23351, 18876, 21546, 23053, 18754, 21871, 24860, 25037, 19479, 22646, 26784, 23253, 25198, 26217, 24967, 24885, 25892, 27171, 25373, 24359, 25817, 25978, 27433, 29674, 30975, 28908, 30166, 25866, 27652, 29579, 28994, 29649, 28976, 26416, 29055, 31887, 30864, 32715, 27228, 34103, 28227, 30552, 30924, 31486, 32940, 31109, 36612, 31541, 32716, 33065, 34286, 32263, 33737, 31046, 32424, 31654, 36617, 37106, 33481, 33117, 33403, 36899, 39331, 36948, 33850, 35917, 30548, 36114, 38748, 36899, 35424, 38038, 34633, 36970, 38470, 37535, 33667, 33370, 37546, 34803, 40904, 36164, 34306, 39916, 34437, 37018, 37560, 42715, 30930, 37064, 38713, 36827, 33203, 38404, 36043, 35566, 35141, 39896, 41308, 38678, 40596, 41768, 38993, 41145, 36245, 34320, 40076, 39281, 38110, 37665, 41076, 37479, 41070, 33184, 39902, 33991, 40247, 30574, 41384, 38992, 42310, 33866, 41202, 37073, 38035, 38354, 41176, 38424, 38377, 39666, 40542, 36291, 34822, 40058, 37610, 34957, 35037, 37579, 38371, 39688, 39940, 34445, 39824, 33421, 36847, 38859, 36046, 37172, 32607, 40239, 35287, 35653, 36893, 36813, 37033, 36458, 38842, 37784, 37349, 40526, 31354, 37282, 31405, 36986, 36575, 36289, 35508, 33891, 38291, 38887, 36348, 34888, 33190, 37800, 31220, 34528, 37186, 33516, 37899, 33703, 34613, 33768, 32888, 32959, 31965, 36390, 30625, 32300, 30718, 30241, 33371, 29350, 31814, 32790, 30013, 30045, 32879, 30456, 28606, 30826, 33642, 28038, 28723, 27982, 28714, 30242, 27288, 29599, 26714, 33155, 27911, 28303, 27461, 26880, 26712, 28829, 26165, 25182, 26302, 24035, 29430, 27871, 26014, 26677, 27024, 25926, 23954, 27234, 27155, 26366, 28410, 26244, 22856, 24143, 27533, 22680, 27644, 23187, 22209, 25030, 24214, 21847, 23426, 24130, 22503, 22975, 21700, 22083, 23425, 23438, 23941, 19698, 21187, 21665, 21602, 20694, 22748, 22616, 20470, 20118, 19783, 20887, 20180, 17413, 20706, 20260, 21591, 18686, 18899, 21635, 17937, 19626, 20212, 19237, 21496, 19210, 15975, 16350, 17226, 17194, 15490, 17924, 17586, 17844, 16444, 18517, 16085, 15968, 15201, 18476, 17515, 14727, 15662, 16264, 15170, 15463, 13416, 14310, 14730, 13719, 15280, 16340, 13849, 16263, 16316, 15124, 14376, 14055, 13849, 15414, 13431, 14226, 12998, 13073, 11160, 12986, 13017, 10268, 12532, 11426, 12357, 11708, 10592, 13084, 9929, 10308, 10994, 11601, 11776, 11899, 11256, 10425, 10447, 8958, 9698, 9147, 10059, 8989, 9604, 10798, 9818, 10272, 10065, 9705, 8880, 8229, 8550, 9333, 8984, 9535, 8844, 9497, 8168, 8315, 8623, 8559, 7123, 8294, 7002, 7597, 7883, 6450, 7731, 7566, 7397, 7440, 7436, 6029, 7376, 8310, 6933, 6135, 8538, 6590, 5895, 7160, 6968, 7793, 5370, 5820, 5765, 5703, 7159, 5162, 6515, 5151, 4886, 4173, 4333, 4904, 4367, 5297, 4459, 4873, 4941, 4777, 4236, 4453, 5025, 4798, 4660, 5065, 3812, 4371, 4867, 4516, 5621, 3233, 3469, 3469, 3795, 4270, 3743, 3132, 3790, 4960, 2962, 3979, 3645, 3605, 3505, 3635, 3738, 2795, 2681, 3477, 3670, 2075, 2231, 2139, 3024, 2589, 2419, 2761, 2711, 2589, 2380, 2169, 2427, 2334, 2551, 2446, 1894, 3330, 2000, 2358, 2191, 2152, 2321, 1820, 1688, 2086, 2595, 1872, 1729, 1909, 1716, 1839, 2311, 1813, 2015, 2180, 1242, 1479, 1370, 1318, 1333, 1973, 1132, 893, 1406, 1282, 1523, 1534, 1362, 854, 1935, 1765, 1148, 1130, 1493, 1314, 1024, 1296, 1045, 872, 1193, 1303, 1160, 1040, 747, 1056, 1077, 1135, 1303, 837, 744, 1226, 643, 1487, 832, 956, 1158, 1300, 855, 968, 893, 784, 829, 856, 1017, 622, 694, 391, 1232, 445, 754, 392, 1115, 565, 477, 336, 464, 558, 512, 543, 436, 873, 401, 852, 555, 407, 576, 499, 546, 366, 451, 154, 535, 552, 556, 292, 716, 338, 540, 242, 509, 502, 204, 676, 552, 207, 331, 371, 167, 515, 522, 365, 131, 451, 262, 189, 414, 302, 379, 96, 56, 146, 191, 365, 209, 312, 166, 102, 267, 129, 51, 193, 138, 202, 295, 125, 280, 201, 92, 434, 118, 265, 363, 264, 237, 107, 362, 63, 69, 24, 124, 41, 78, 212, 278, 248, 86, 21, 86, 68, 329, 0, 76, 221, 490, 83, 10, 223, 94, 68, 65, 50, 105, 198, 10, 0, 158, 58, 127, 90, 61, 15, 0, 151, 14, 74, 87, 40, 42, 9, 51, 13, 75, 120, 0, 51, 173, 23, 67, 7, 8, 0, 0, 91, 10, 132, 31, 52, 18, 6, 15, 40, 1, 9, 20, 0, 0, 9, 16, 0, 7, 0, 0, 0, 0, 26, 0, 0, 0, 4, 66, 43, 23, 0, 22, 51, 0, 0, 0, 10, 44, 0, 0, 0, 0, 0, 0, 0, 0, 38, 0, 0, 0, 0, 70, 115, 11, 0, 0, 0, 0, 0, 3, 8, 0, 73, 0, 0, 0, 27, 0, 0, 0, 0, 0, 3, 0, 0, 0, 0, 0, 2, 0, 0, 49, 11, 0, 0, 0, 0, 0, 0, 70, 0, 0, 0, 0, 0, 0, 0, 0, 0, 0, 0, 0, 0, 0, 0, 0, 0, 0, 0, 63, 0, 0, 29, 0, 0, 0, 0, 62, 0, 0, 0, 0, 0, 0, 0, 0, 0, 0, 0, 0, 0, 0, 0, 8, 0, 0, 0, 0, 0, 0, 0, 0, 11, 0, 0, 0, 0, 0, 0, 0, 0, 0, 0, 0, 0, 0, 0, 0, 0, 0, 0, 0, 0, 0, 0, 0, 0, 0, 0, 0, 0, 0, 0, 0, 0, 0, 0, 0, 0, 0, 0, 0, 0, 0, 0, 0, 0, 0, 0, 0, 0, 0, 0, 0, 0, 0, 0, 0, 0, 0, 0, 0, 0, 0, 0, 0, 0, 0, 0, 0, 0, 0, 0, 0, 0, 0, 0, 0, 0, 0, 0, 0, 0, 0, 0, 0, 0, 0, 0, 0, 0, 0, 0, 0, 0, 0, 0, 0, 0, 0, 0, 0, 0, 0, 0, 0, 0, 0, 0, 0, 0, 0, 0, 0, 0, 0, 0, 0, 0, 0, 0, 0, 0, 0, 0, 0, 0, 0, 0, 0, 0, 0, 0, 0, 0, 0, 0, 0, 0, 0, 0, 0, 0, 0, 0, 0, 0, 0, 0, 0, 0, 0, 0, 0, 0, 0, 0, 0, 0, 0, 0, 0, 0, 0, 0, 0, 0, 0, 0, 0, 0, 0, 0, 0, 0, 0, 0, 0, 0, 0, 0, 0, 0, 0, 0, 0, 0, 0, 0, 0, 0, 0, 0, 0, 0, 0, 0, 0, 0, 0, 0, 0, 0, 0, 0, 0, 0, 0, 0, 0, 0, 0, 0, 0, 0, 0, 0, 0, 0, 0, 0, 0, 0, 0, 0, 0, 0, 0, 0, 0, 0, 0, 0, 0, 0, 0, 0, 0, 0, 0, 0, 0, 0, 0, 0, 0, 0, 0, 0, 0, 0, 0, 0, 0, 0, 0, 0, 0, 0, 0, 0, 0, 0, 0, 0, 0, 0, 0, 0, 0, 0, 0, 0, 0, 0, 0, 0, 0, 0, 0, 0, 0, 0, 0, 0, 0, 0, 0, 0, 0, 0, 0, 0, 0, 0, 0, 0, 0, 0, 0, 0, 0, 0, 0, 0, 0, 0, 0, 0, 0, 0, 0, 0, 0, 0, 0, 0, 0, 0, 0, 0, 0, 0, 0, 0, 0, 0, 0, 0, 0, 0, 0, 0, 0, 0, 0, 0, 0, 0, 0, 0, 0, 0, 0, 0, 0, 0, 0, 0, 0, 0, 0, 0, 0, 0, 0, 0, 0, 0, 0, 0, 0, 0, 0, 0, 0, 0, 0, 0, 0, 0, 0, 0, 0, 0, 0, 0, 0, 0, 0, 0, 0, 0, 0, 0, 0, 0, 0, 0, 0, 0, 0, 0, 0, 0, 0, 0, 0, 0, 0, 0, 0, 0, 0, 0, 0, 0, 0, 0, 0, 0, 0, 0, 0, 0, 0, 0, 0, 0, 0, 0, 0, 0, 0, 0, 0, 0, 0, 0, 0, 0, 0, 0, 0, 0, 0, 0, 0, 0, 0, 0, 0, 0, 0, 0, 0, 0, 0, 0, 0, 0, 0, 0, 0, 0, 0, 0, 0, 0, 0, 0, 0, 0, 0, 0, 0, 0, 0, 0, 0, 0, 0, 0, 0, 0, 0, 0, 0, 0, 0, 0, 0, 0, 0, 0, 0, 0, 0, 0, 0, 0, 0, 0, 0, 0, 0, 0, 0, 0, 0, 0, 0, 0, 0, 0, 0, 0, 0, 0, 0, 0, 0, 0, 0, 0, 0, 0, 0, 0, 0, 0, 0, 0, 0, 0, 0, 0, 0, 0, 0, 0, 0, 0, 0, 0, 0, 0, 0, 0, 0, 0, 0, 0, 0, 0, 0, 0, 0, 0, 0, 0, 0, 0, 0, 0, 0, 0, 0, 0, 0, 0, 0, 0, 0, 0, 0, 0, 0, 0, 0, 0, 0, 0, 0, 0, 0, 0, 0, 0, 0, 0, 0, 0, 0, 0, 0, 0, 0, 0, 0, 0, 0, 0, 0, 0, 0, 0, 0, 0, 0, 0, 0, 0, 0, 0, 0, 0, 0, 0, 0, 0, 0, 0, 0, 0, 0, 0, 0, 0, 0, 0, 0, 0, 0, 0, 0, 0, 0, 0, 0, 0, 0, 0, 0, 0, 0, 0, 0, 0, 0, 0, 0, 0, 0, 0, 0, 0, 0, 0, 0, 0, 0, 0, 0, 0, 0, 0, 0, 0, 0, 0, 0, 0, 0, 0, 0, 0, 0, 0, 0, 0, 0, 0, 0, 0, 0, 0, 0, 0, 0, 0, 0, 0, 0, 0, 0, 0, 0, 0, 0, 0, 0, 0, 0, 0, 0, 0, 0, 0, 0, 0, 0, 0, 0, 0, 0, 0, 0, 0, 0, 0, 0, 0, 0, 0, 0, 0, 0, 0, 0, 0, 0, 0, 0, 0, 0, 0, 0, 0, 0, 0, 0, 0, 0, 0, 0, 0, 0, 0, 0, 0, 0, 0, 0, 0, 0, 0, 0, 0, 0, 0, 0, 0]
