n = 200
v = 300
λ = 281.3647390024254
λ_0 = 440.34299520059625 (без учёта столкновений со стенками)
столкновений со стенками за секунду: 68.28333333333333
столкновений между собой за секунду: 60.425
время: 600
средняя скорость: 266.07755337244015
наиболее вероятная скорость: 190.0
P: 13.303862742498014
nmax: 30779
[56, 929, 516, 1017, 1132, 583, 1521, 2662, 3106, 2408, 1518, 3024, 1874, 4108, 3132, 4014, 3470, 1852, 3301, 4126, 4897, 4531, 6326, 3547, 4408, 5232, 5332, 6149, 5988, 7543, 6688, 7649, 9563, 9563, 8147, 10636, 7131, 6687, 9645, 5765, 9988, 12067, 8641, 8826, 12811, 12846, 13846, 13670, 9986, 12405, 12915, 13347, 13282, 11890, 14168, 13709, 12983, 12254, 12653, 15453, 15945, 16163, 12183, 14034, 15052, 20028, 16125, 14676, 14711, 15878, 18545, 14557, 16166, 20563, 17919, 18264, 13248, 14676, 13738, 16598, 14828, 17565, 14055, 13187, 20109, 21793, 19435, 14908, 16811, 21907, 19977, 18550, 19668, 20449, 21963, 22829, 21548, 24886, 21086, 18832, 19571, 22210, 23563, 21248, 22117, 23149, 23344, 22915, 27856, 20734, 22540, 21385, 20364, 22453, 20769, 24757, 24918, 26506, 21929, 23618, 24066, 22726, 25227, 24207, 25687, 25331, 24980, 26211, 21645, 24065, 25676, 21753, 22726, 25733, 19063, 21892, 23103, 26994, 20627, 23398, 25505, 24290, 28658, 26204, 25934, 23880, 25522, 23234, 25167, 21796, 23050, 23581, 30779, 28632, 28611, 26484, 23729, 28181, 25676, 22985, 28825, 29550, 23167, 22245, 25896, 25970, 24902, 25692, 22462, 26485, 24377, 27166, 23381, 24589, 23143, 24638, 24113, 19270, 28672, 26124, 22023, 26545, 25543, 23625, 23813, 29540, 24766, 21990, 25939, 23588, 26254, 25467, 28850, 24771, 24441, 21340, 25784, 29424, 23113, 22317, 27119, 24578, 25710, 22772, 24390, 24725, 24323, 23235, 24704, 21444, 23408, 25053, 25919, 30765, 21306, 25822, 26505, 21368, 27024, 24838, 20468, 22093, 26489, 25015, 24398, 24586, 25909, 20734, 25518, 23171, 22191, 25191, 25918, 22639, 22399, 21735, 22896, 23672, 18211, 24673, 23626, 20479, 22141, 24604, 19223, 18422, 19409, 19130, 21937, 22703, 22803, 19497, 20097, 22043, 21265, 22547, 19388, 20423, 22740, 20371, 20201, 20222, 21732, 22593, 18865, 19384, 22377, 19152, 16220, 16860, 16739, 20098, 20342, 17208, 18494, 16521, 14984, 22375, 17652, 14962, 19617, 20741, 20710, 18549, 15947, 15001, 17803, 17553, 18620, 15924, 18246, 15457, 16774, 17685, 14638, 14402, 15962, 14376, 13992, 15551, 15644, 14061, 17375, 15973, 13408, 11890, 17535, 13931, 15719, 14994, 14072, 14826, 12529, 15601, 13472, 15851, 14926, 12681, 13342, 12599, 12876, 15520, 12376, 10960, 12596, 12011, 13224, 10532, 14575, 12083, 12644, 12886, 11804, 11154, 13774, 14800, 11657, 12046, 12233, 11756, 13433, 11550, 11259, 11075, 9936, 10212, 10891, 12072, 9492, 9281, 12220, 9227, 9058, 13408, 8882, 7363, 13065, 8838, 9375, 10788, 10565, 8186, 8032, 8785, 8414, 9497, 8430, 10828, 7673, 8710, 7347, 8506, 8304, 8400, 8462, 6735, 8013, 9185, 8726, 8367, 6528, 9434, 6342, 8408, 6595, 7560, 7306, 7775, 8003, 8972, 7909, 7938, 7437, 8074, 6263, 5003, 7284, 8060, 7630, 6183, 6226, 5793, 6103, 4755, 5317, 4889, 5806, 7716, 7361, 7126, 5708, 6486, 6413, 4874, 4318, 3744, 5468, 5568, 4384, 5533, 5009, 4134, 7224, 5329, 4210, 4795, 4079, 3509, 5045, 5271, 4892, 4277, 4662, 4619, 4627, 3791, 3525, 3419, 3095, 2258, 4386, 5397, 5720, 5050, 3545, 2971, 4882, 3188, 3996, 3026, 3283, 3149, 3393, 3416, 3225, 2525, 3437, 3918, 2548, 3439, 3928, 3992, 2880, 3042, 2759, 2532, 2337, 2129, 4206, 2711, 2149, 2925, 1940, 2082, 1736, 2152, 2874, 2213, 3256, 2338, 2620, 2090, 2037, 2109, 1580, 1577, 1654, 1258, 1395, 2535, 2081, 1438, 1931, 1725, 1684, 2240, 1301, 2163, 1300, 960, 2512, 1492, 2042, 1270, 1414, 1144, 2752, 1445, 1136, 877, 1154, 1488, 1286, 1239, 1077, 733, 1296, 1036, 1323, 1376, 1125, 619, 1768, 624, 1088, 737, 754, 566, 1417, 1013, 1031, 332, 688, 944, 666, 622, 872, 799, 586, 1238, 251, 856, 700, 337, 717, 630, 411, 771, 530, 656, 458, 555, 655, 536, 667, 504, 927, 883, 816, 628, 906, 405, 923, 605, 445, 719, 883, 525, 798, 533, 368, 640, 550, 150, 370, 196, 695, 202, 689, 137, 531, 527, 595, 190, 320, 467, 359, 331, 14, 216, 163, 436, 279, 319, 355, 307, 314, 464, 476, 90, 316, 159, 241, 335, 238, 336, 166, 239, 336, 126, 161, 0, 281, 28, 324, 78, 24, 374, 257, 107, 64, 82, 170, 202, 342, 10, 205, 541, 200, 145, 215, 0, 0, 195, 47, 25, 271, 4, 105, 182, 138, 203, 345, 224, 0, 121, 26, 93, 9, 0, 143, 85, 0, 61, 68, 36, 157, 41, 251, 16, 112, 60, 13, 0, 28, 0, 0, 72, 40, 59, 12, 320, 55, 82, 7, 0, 0, 0, 99, 20, 0, 0, 0, 0, 28, 0, 27, 0, 101, 22, 0, 25, 82, 0, 41, 0, 67, 0, 0, 69, 14, 55, 62, 0, 0, 0, 0, 48, 73, 0, 20, 3, 65, 0, 0, 120, 6, 0, 25, 0, 1, 4, 16, 5, 0, 0, 0, 0, 0, 95, 0, 0, 0, 0, 63, 23, 0, 60, 0, 0, 0, 0, 0, 0, 0, 0, 0, 0, 0, 0, 0, 20, 80, 0, 0, 0, 0, 0, 0, 0, 0, 0, 0, 0, 0, 0, 0, 0, 0, 0, 0, 0, 0, 0, 0, 0, 0, 0, 0, 0, 0, 0, 0, 27, 0, 0, 0, 0, 0, 0, 0, 0, 0, 0, 0, 0, 0, 0, 0, 0, 0, 0, 0, 0, 0, 0, 0, 0, 0, 0, 0, 0, 0, 0, 0, 0, 0, 0, 0, 0, 0, 0, 8, 0, 0, 0, 0, 0, 0, 0, 0, 0, 0, 0, 0, 0, 0, 0, 0, 0, 0, 0, 0, 0, 0, 0, 0, 0, 0, 0, 0, 0, 0, 0, 0, 0, 0, 0, 0, 0, 0, 0, 0, 0, 0, 0, 0, 0, 0, 0, 0, 0, 0, 0, 0, 0, 0, 0, 0, 0, 0, 0, 0, 0, 0, 0, 0, 0, 0, 0, 0, 0, 0, 0, 0, 0, 0, 0, 0, 0, 0, 0, 0, 0, 0, 0, 0, 0, 0, 0, 0, 0, 0, 0, 0, 0, 0, 0, 0, 0, 0, 0, 0, 0, 0, 0, 0, 0, 0, 0, 0, 0, 0, 0, 0, 0, 0, 0, 0, 0, 0, 0, 0, 0, 0, 0, 0, 0, 0, 0, 0, 0, 0, 0, 0, 0, 0, 0, 0, 0, 0, 0, 0, 0, 0, 0, 0, 0, 0, 0, 0, 0, 0, 0, 0, 0, 0, 0, 0, 0, 0, 0, 0, 0, 0, 0, 0, 0, 0, 0, 0, 0, 0, 0, 0, 0, 0, 0, 0, 0, 0, 0, 0, 0, 0, 0, 0, 0, 0, 0, 0, 0, 0, 0, 0, 0, 0, 0, 0, 0, 0, 0, 0, 0, 0, 0, 0, 0, 0, 0, 0, 0, 0, 0, 0, 0, 0, 0, 0, 0, 0, 0, 0, 0, 0, 0, 0, 0, 0, 0, 0, 0, 0, 0, 0, 0, 0, 0, 0, 0, 0, 0, 0, 0, 0, 0, 0, 0, 0, 0, 0, 0, 0, 0, 0, 0, 0, 0, 0, 0, 0, 0, 0, 0, 0, 0, 0, 0, 0, 0, 0, 0, 0, 0, 0, 0, 0, 0, 0, 0, 0, 0, 0, 0, 0, 0, 0, 0, 0, 0, 0, 0, 0, 0, 0, 0, 0, 0, 0, 0, 0, 0, 0, 0, 0, 0, 0, 0, 0, 0, 0, 0, 0, 0, 0, 0, 0, 0, 0, 0, 0, 0, 0, 0, 0, 0, 0, 0, 0, 0, 0, 0, 0, 0, 0, 0, 0, 0, 0, 0, 0, 0, 0, 0, 0, 0, 0, 0, 0, 0, 0, 0, 0, 0, 0, 0, 0, 0, 0, 0, 0, 0, 0, 0, 0, 0, 0, 0, 0, 0, 0, 0, 0, 0, 0, 0, 0, 0, 0, 0, 0, 0, 0, 0, 0, 0, 0, 0, 0, 0, 0, 0, 0, 0, 0, 0, 0, 0, 0, 0, 0, 0, 0, 0, 0, 0, 0, 0, 0, 0, 0, 0, 0, 0, 0, 0, 0, 0, 0, 0, 0, 0, 0, 0, 0, 0, 0, 0, 0, 0, 0, 0, 0, 0, 0, 0, 0, 0, 0, 0, 0, 0, 0, 0, 0, 0, 0, 0, 0, 0, 0, 0, 0, 0, 0, 0, 0, 0, 0, 0, 0, 0, 0, 0, 0, 0, 0, 0, 0, 0, 0, 0, 0, 0, 0, 0, 0, 0, 0, 0, 0, 0, 0, 0, 0, 0, 0, 0, 0, 0, 0, 0, 0, 0, 0, 0, 0, 0, 0, 0, 0, 0, 0, 0, 0, 0, 0, 0, 0, 0, 0, 0, 0, 0, 0, 0, 0, 0, 0, 0, 0, 0, 0, 0, 0, 0, 0, 0, 0, 0, 0, 0, 0, 0, 0, 0, 0, 0, 0, 0, 0, 0, 0, 0, 0, 0, 0, 0, 0, 0, 0, 0, 0, 0, 0, 0, 0, 0, 0, 0, 0, 0, 0, 0, 0, 0, 0, 0, 0, 0, 0, 0, 0, 0, 0, 0, 0, 0, 0, 0, 0, 0, 0, 0, 0, 0, 0, 0, 0, 0, 0, 0, 0, 0, 0, 0, 0, 0, 0, 0, 0, 0, 0, 0, 0, 0, 0, 0, 0, 0, 0, 0, 0, 0, 0, 0, 0, 0, 0, 0, 0, 0, 0, 0, 0, 0, 0, 0, 0, 0, 0, 0, 0, 0, 0, 0, 0, 0, 0, 0, 0, 0, 0, 0, 0, 0, 0, 0, 0, 0, 0, 0, 0, 0, 0, 0, 0, 0, 0, 0, 0, 0, 0, 0, 0, 0, 0, 0, 0, 0, 0, 0, 0, 0, 0, 0, 0, 0, 0, 0, 0, 0, 0, 0, 0, 0, 0, 0, 0, 0, 0, 0, 0, 0, 0, 0, 0, 0, 0, 0, 0, 0, 0, 0, 0, 0, 0, 0, 0, 0, 0, 0, 0, 0, 0, 0, 0, 0, 0, 0, 0, 0, 0, 0, 0, 0, 0, 0, 0, 0, 0, 0, 0, 0, 0, 0, 0, 0, 0, 0, 0, 0, 0, 0, 0, 0, 0, 0, 0, 0, 0, 0, 0, 0, 0, 0, 0, 0, 0, 0, 0, 0, 0, 0, 0, 0, 0, 0, 0, 0, 0, 0, 0, 0, 0, 0, 0, 0, 0, 0]
