n = 200
v = 200
λ = 280.47880142477976
λ_0 = 439.29460362500396 (без учёта столкновений со стенками)
столкновений со стенками за секунду: 45.781666666666666
столкновений между собой за секунду: 40.42666666666667
время: 600
средняя скорость: 177.59207638356492
наиболее вероятная скорость: 157.5
P: 8.879608254606747
nmax: 48716
[0, 301, 676, 3599, 958, 4550, 4021, 3978, 3242, 4888, 4440, 3009, 8044, 8136, 8714, 9691, 6842, 12928, 12359, 8680, 9793, 10231, 12975, 12470, 12975, 16624, 13813, 13779, 17233, 12195, 16404, 15634, 16074, 18089, 23577, 12933, 21116, 14564, 25202, 17830, 16197, 23498, 20325, 21175, 26538, 18738, 19920, 26714, 26470, 24395, 23943, 28170, 27106, 21259, 27049, 28929, 33424, 29541, 27527, 25691, 32906, 28595, 30696, 28032, 25923, 25536, 31213, 30609, 26635, 35215, 31221, 31152, 28995, 32200, 34152, 36496, 33220, 33498, 34568, 38062, 33805, 38516, 32323, 37299, 32617, 31668, 36865, 38116, 32564, 33901, 40992, 33661, 39249, 32372, 30866, 38464, 38945, 34744, 41884, 42143, 34470, 39532, 40918, 34539, 35101, 38047, 36459, 38021, 43391, 40315, 40952, 41122, 42540, 36808, 46254, 35013, 38725, 34484, 34504, 39942, 45439, 41909, 41955, 37765, 44630, 38050, 48717, 38284, 36264, 38031, 35428, 32045, 45239, 31654, 40777, 38794, 40715, 34330, 38693, 34933, 36608, 36904, 36926, 32627, 34780, 36211, 33117, 37796, 31842, 33066, 36507, 32951, 40053, 36047, 34208, 35576, 35394, 35445, 36758, 38246, 32807, 36610, 40076, 33071, 32733, 27967, 26616, 28484, 31618, 31268, 32480, 31141, 33092, 30104, 29210, 24921, 27241, 31154, 32785, 29522, 24341, 30210, 28090, 25388, 31789, 27823, 26004, 25003, 26949, 25962, 26461, 16877, 26300, 24378, 25451, 23644, 25874, 24714, 21938, 23471, 23368, 21952, 24071, 21183, 22112, 22228, 22597, 23459, 18514, 24675, 19940, 19359, 18301, 23201, 21445, 19668, 19814, 19845, 20617, 18333, 20068, 12808, 21434, 20725, 19509, 15399, 16766, 16562, 19575, 16186, 15183, 14635, 16695, 14802, 16713, 14824, 14156, 14445, 16278, 13828, 14231, 15630, 15527, 10816, 13247, 15225, 12738, 14588, 16502, 12491, 13657, 11637, 12240, 13222, 14355, 10699, 11736, 12779, 11914, 9329, 9686, 8590, 10258, 5773, 12556, 11128, 10650, 12547, 9963, 9570, 11497, 6434, 6771, 10240, 6800, 7829, 7964, 7959, 8298, 8260, 9606, 7305, 7374, 8986, 6721, 6148, 7053, 7455, 7041, 5471, 6761, 6337, 6252, 5316, 5375, 4527, 5093, 5469, 4759, 3639, 3271, 4314, 4941, 4935, 5690, 5804, 4506, 5542, 4276, 3728, 4612, 4512, 3497, 4040, 3396, 3008, 3275, 3968, 3717, 3595, 3043, 4008, 2742, 2450, 2849, 2191, 1995, 2143, 2096, 2839, 2818, 1304, 1824, 1762, 1953, 2305, 1632, 3124, 1659, 3100, 2011, 2002, 1998, 1787, 1584, 1793, 2368, 743, 1748, 1093, 1305, 1918, 1302, 1549, 1371, 1179, 2214, 814, 1421, 1772, 964, 913, 838, 851, 860, 1199, 584, 1198, 755, 1048, 903, 520, 581, 885, 729, 1359, 1347, 485, 437, 371, 885, 265, 184, 901, 666, 614, 384, 284, 388, 546, 222, 181, 853, 639, 624, 509, 75, 531, 617, 151, 251, 454, 945, 311, 103, 705, 159, 168, 167, 591, 659, 304, 201, 299, 589, 116, 129, 48, 457, 483, 266, 44, 27, 84, 275, 672, 368, 23, 320, 291, 0, 50, 315, 167, 10, 21, 152, 0, 319, 203, 30, 104, 98, 268, 19, 175, 142, 131, 68, 43, 74, 0, 43, 9, 0, 35, 88, 18, 0, 125, 20, 24, 0, 75, 17, 0, 0, 0, 0, 17, 2, 0, 0, 72, 35, 11, 110, 51, 0, 0, 0, 0, 0, 0, 0, 0, 210, 0, 0, 0, 0, 0, 0, 0, 0, 0, 0, 0, 0, 112, 0, 0, 0, 0, 0, 0, 0, 0, 0, 0, 0, 0, 0, 0, 0, 161, 0, 0, 0, 0, 0, 0, 0, 0, 0, 0, 0, 0, 0, 0, 0, 0, 0, 0, 0, 0, 0, 0, 0, 0, 0, 0, 0, 0, 0, 0, 0, 0, 0, 0, 0, 0, 0, 0, 0, 0, 0, 0, 0, 0, 0, 105, 0, 0, 0, 0, 0, 0, 0, 0, 0, 0, 0, 0, 0, 0, 0, 171, 0, 0, 0, 0, 0, 0, 0, 0, 0, 0, 0, 0, 0, 0, 0, 0, 0, 0, 0, 0, 0, 0, 0, 0, 0, 0, 0, 0, 0, 0, 0, 0, 0, 0, 0, 0, 0, 0, 0, 0, 0, 0, 0, 0, 0, 0, 0, 0, 0, 0, 0, 0, 0, 0, 0, 0, 0, 0, 0, 0, 0, 0, 0, 0, 0, 0, 0, 0, 0, 0, 0, 0, 0, 0, 0, 0, 0, 0, 0, 0, 0, 0, 0, 0, 0, 0, 0, 0, 0, 0, 0, 0, 0, 0, 0, 0, 0, 0, 0, 0, 0, 0, 0, 0, 0, 0, 0, 0, 0, 0, 0, 0, 0, 0, 0, 0, 0, 0, 0, 0, 0, 0, 0, 0, 0, 0, 0, 0, 0, 0, 0, 0, 0, 0, 0, 0, 0, 0, 0, 0, 0, 0, 0, 0, 0, 0, 0, 0, 0, 0, 0, 0, 0, 0, 0, 0, 0, 0, 0, 0, 0, 0, 0, 0, 0, 0, 0, 0, 0, 0, 0, 0, 0, 0, 0, 0, 0, 0, 0, 0, 0, 0, 0, 0, 0, 0, 0, 0, 0, 0, 0, 0, 0, 0, 0, 0, 0, 0, 0, 0, 0, 0, 0, 0, 0, 0, 0, 0, 0, 0, 0, 0, 0, 0, 0, 0, 0, 0, 0, 0, 0, 0, 0, 0, 0, 0, 0, 0, 0, 0, 0, 0, 0, 0, 0, 0, 0, 0, 0, 0, 0, 0, 0, 0, 0, 0, 0, 0, 0, 0, 0, 0, 0, 0, 0, 0, 0, 0, 0, 0, 0, 0, 0, 0, 0, 0, 0, 0, 0, 0, 0, 0, 0, 0, 0, 0, 0, 0, 0, 0, 0, 0, 0, 0, 0, 0, 0, 0, 0, 0, 0, 0, 0, 0, 0, 0, 0, 0, 0, 0, 0, 0, 0, 0, 0, 0, 0, 0, 0, 0, 0, 0, 0, 0, 0, 0, 0, 0, 0, 0, 0, 0, 0, 0, 0, 0, 0, 0, 0, 0, 0, 0, 0, 0, 0, 0, 0, 0, 0, 0, 0, 0, 0, 0, 0, 0, 0, 0, 0, 0, 0, 0, 0, 0, 0, 0, 0, 0, 0, 0, 0, 0, 0, 0, 0, 0, 0, 0, 0, 0, 0, 0, 0, 0, 0, 0, 0, 0, 0, 0, 0, 0, 0, 0, 0, 0, 0, 0, 0, 0, 0, 0, 0, 0, 0, 0, 0, 0, 0, 0, 0, 0, 0, 0, 0, 0, 0, 0, 0, 0, 0, 0, 0, 0, 0, 0, 0, 0, 0, 0, 0, 0, 0, 0, 0, 0, 0, 0, 0, 0, 0, 0, 0, 0, 0, 0, 0, 0, 0, 0, 0, 0, 0, 0, 0, 0, 0, 0, 0, 0, 0, 0, 0, 0, 0, 0, 0, 0, 0, 0, 0, 0, 0, 0, 0, 0, 0, 0, 0, 0, 0, 0, 0, 0, 0, 0, 0, 0, 0, 0, 0, 0, 0, 0, 0, 0, 0, 0, 0, 0, 0, 0, 0, 0, 0, 0, 0, 0, 0, 0, 0, 0, 0, 0, 0, 0, 0, 0, 0, 0, 0, 0, 0, 0, 0, 0, 0, 0, 0, 0, 0, 0, 0, 0, 0, 0, 0, 0, 0, 0, 0, 0, 0, 0, 0, 0, 0, 0, 0, 0, 0, 0, 0, 0, 0, 0, 0, 0, 0, 0, 0, 0, 0, 0, 0, 0, 0, 0, 0, 0, 0, 0, 0, 0, 0, 0, 0, 0, 0, 0, 0, 0, 0, 0, 0, 0, 0, 0, 0, 0, 0, 0, 0, 0, 0, 0, 0, 0, 0, 0, 0, 0, 0, 0, 0, 0, 0, 0, 0, 0, 0, 0, 0, 0, 0, 0, 0, 0, 0, 0, 0, 0, 0, 0, 0, 0, 0, 0, 0, 0, 0, 0, 0, 0, 0, 0, 0, 0, 0, 0, 0, 0, 0, 0, 0, 0, 0, 0, 0, 0, 0, 0, 0, 0, 0, 0, 0, 0, 0, 0, 0, 0, 0, 0, 0, 0, 0, 0, 0, 0, 0, 0, 0, 0, 0, 0, 0, 0, 0, 0, 0, 0, 0, 0, 0, 0, 0, 0, 0, 0, 0, 0, 0, 0, 0, 0, 0, 0, 0, 0, 0, 0, 0, 0, 0, 0, 0, 0, 0, 0, 0, 0, 0, 0, 0, 0, 0, 0, 0, 0, 0, 0, 0, 0, 0, 0, 0, 0, 0, 0, 0, 0, 0, 0, 0, 0, 0, 0, 0, 0, 0, 0, 0, 0, 0, 0, 0, 0, 0, 0, 0, 0, 0, 0, 0, 0, 0, 0, 0, 0, 0, 0, 0, 0, 0, 0, 0, 0, 0, 0, 0, 0, 0, 0, 0, 0, 0, 0, 0, 0, 0, 0, 0, 0, 0, 0, 0, 0, 0, 0, 0, 0, 0, 0, 0, 0, 0, 0, 0, 0, 0, 0, 0, 0, 0, 0, 0, 0, 0, 0, 0, 0, 0, 0, 0, 0, 0, 0, 0, 0, 0, 0, 0, 0, 0, 0, 0, 0, 0, 0, 0, 0, 0, 0, 0, 0, 0, 0, 0, 0, 0, 0, 0, 0, 0, 0, 0, 0, 0, 0, 0, 0, 0, 0, 0, 0, 0, 0, 0, 0, 0, 0, 0, 0, 0, 0, 0, 0, 0, 0, 0, 0, 0, 0, 0, 0, 0, 0, 0, 0, 0, 0, 0, 0, 0, 0, 0, 0, 0, 0, 0, 0, 0, 0, 0, 0, 0, 0, 0, 0, 0, 0, 0, 0, 0, 0, 0, 0, 0, 0, 0, 0, 0, 0, 0, 0, 0, 0, 0, 0, 0, 0, 0, 0, 0, 0, 0, 0, 0, 0, 0, 0, 0, 0, 0, 0, 0, 0, 0, 0, 0, 0, 0, 0, 0, 0, 0, 0, 0, 0, 0, 0, 0, 0, 0, 0, 0, 0, 0, 0, 0, 0, 0, 0, 0, 0, 0, 0, 0, 0, 0, 0, 0, 0, 0, 0, 0, 0, 0, 0, 0, 0, 0, 0, 0, 0, 0, 0, 0, 0, 0, 0, 0, 0, 0, 0, 0, 0, 0, 0, 0, 0, 0, 0, 0, 0, 0, 0, 0, 0, 0, 0, 0, 0, 0, 0, 0, 0, 0, 0, 0, 0, 0, 0, 0, 0, 0, 0, 0, 0, 0, 0]
