n = 200
v = 400
λ = 281.59119665043494
λ_0 = 441.0109526920377 (без учёта столкновений со стенками)
столкновений со стенками за секунду: 91.07666666666667
столкновений между собой за секунду: 80.43666666666667
время: 600
средняя скорость: 354.7348039197423
наиболее вероятная скорость: 297.5
P: 17.73672549901927
nmax: 23631
[0, 45, 0, 0, 627, 666, 1281, 826, 584, 1746, 773, 1619, 2140, 2457, 1374, 2237, 1823, 1271, 2712, 1922, 2856, 4486, 3320, 2956, 3257, 3250, 5118, 4772, 5209, 5416, 4786, 3538, 4909, 4099, 4349, 4146, 4558, 3980, 5409, 5462, 4848, 6801, 4532, 5570, 5716, 6038, 7301, 6654, 5102, 6135, 7944, 6121, 6678, 5907, 8813, 5982, 7797, 7373, 7918, 8180, 7987, 10217, 7183, 9781, 7968, 5806, 9939, 8171, 9744, 11197, 6509, 9754, 9548, 8360, 9578, 10227, 8721, 7420, 9734, 9500, 8163, 10323, 14424, 10597, 9796, 10761, 13661, 13394, 13137, 10616, 10229, 12411, 9925, 13673, 13618, 10012, 11964, 9520, 11942, 12176, 13046, 13813, 12232, 13729, 9525, 13906, 12337, 14279, 15184, 13242, 12470, 15274, 15705, 11618, 14891, 12237, 16794, 14337, 13728, 15061, 15024, 12451, 16850, 15987, 13342, 17667, 15256, 15533, 16408, 14869, 13434, 16966, 15848, 13844, 16093, 17567, 19794, 14453, 18171, 12115, 19908, 17807, 16261, 18401, 14993, 16798, 18362, 18327, 17059, 19542, 16368, 14264, 16932, 19063, 18743, 15958, 19412, 16842, 16294, 13988, 19391, 16587, 16034, 18218, 13214, 15538, 19022, 16322, 16917, 16963, 17772, 20591, 18655, 19291, 17271, 15053, 17955, 17617, 15800, 20487, 19798, 21927, 18693, 18331, 20425, 16294, 18817, 19492, 20524, 17908, 19418, 20085, 19410, 16517, 17211, 17347, 18794, 17194, 18625, 19978, 13784, 19661, 19328, 18041, 18950, 17318, 19311, 17148, 21227, 18179, 19311, 20673, 20685, 17355, 16845, 19368, 15796, 18253, 20844, 18642, 20989, 21614, 19966, 21950, 19755, 18114, 18772, 19834, 21149, 20815, 17976, 18272, 19247, 20188, 16221, 19352, 20569, 21828, 23631, 19831, 18154, 20424, 20386, 19798, 21223, 21370, 20705, 20370, 19282, 17786, 19080, 22444, 19410, 17852, 19576, 18851, 21110, 21392, 20090, 18727, 17973, 19119, 20901, 21997, 20208, 18104, 18748, 18551, 19955, 20411, 20174, 17401, 15639, 19194, 18701, 21754, 19504, 16579, 18006, 18096, 18927, 16529, 18145, 17683, 17078, 20789, 16368, 17510, 17006, 18304, 18502, 17440, 16220, 15406, 18892, 17096, 17790, 16153, 17890, 16609, 19690, 16835, 19162, 16154, 18976, 19158, 16963, 18907, 17061, 16078, 17108, 16800, 19727, 15794, 17477, 18436, 15561, 15656, 21023, 15417, 14351, 18205, 15754, 16081, 16091, 14309, 20239, 14589, 16585, 18065, 15697, 13867, 13302, 15128, 17171, 14240, 14871, 16012, 15889, 14321, 14007, 14432, 13827, 17216, 14439, 15175, 14611, 14776, 14920, 14117, 15083, 14322, 12964, 12495, 14952, 13693, 13790, 13658, 15486, 13531, 16028, 12875, 14966, 12226, 14242, 14913, 13510, 12576, 14061, 14711, 11619, 14132, 14790, 11895, 15539, 12941, 15871, 12464, 14204, 12084, 12381, 13646, 13472, 12715, 11141, 10981, 13201, 12353, 13788, 12914, 10622, 10720, 12570, 11809, 11237, 12636, 11021, 11910, 12590, 11408, 11022, 11332, 12069, 10652, 11185, 9349, 11270, 11844, 10239, 11736, 10354, 11723, 10759, 10024, 11329, 12379, 8581, 10436, 9455, 10589, 10378, 11198, 11647, 9238, 10370, 9150, 11713, 11211, 11718, 9236, 13628, 11972, 8316, 9319, 11631, 10096, 9160, 10561, 10213, 9445, 10459, 8486, 9186, 11104, 7646, 9426, 10226, 9277, 9776, 9531, 9903, 8332, 8800, 8963, 7176, 10274, 8086, 9426, 7961, 6405, 8650, 8455, 7473, 5543, 10426, 9071, 7160, 8230, 8031, 7482, 7623, 9520, 6059, 8492, 6355, 6451, 7095, 7762, 6214, 7643, 8450, 7222, 6774, 7699, 6197, 8578, 4929, 5532, 7020, 6488, 6546, 4820, 7512, 7312, 5761, 6894, 6333, 6719, 6251, 6312, 5673, 6639, 6175, 6118, 5931, 7096, 5605, 5554, 4901, 5642, 4993, 4370, 4860, 6120, 6128, 5602, 4566, 7313, 5004, 4933, 5090, 5840, 4721, 5514, 5462, 4866, 4418, 5431, 3784, 4628, 4314, 4986, 5207, 5057, 3842, 5291, 4216, 3771, 5665, 4291, 4828, 5328, 3888, 4313, 4940, 4787, 3709, 4261, 3336, 4327, 3773, 4397, 3836, 2652, 4773, 4156, 3674, 4214, 3614, 3807, 3721, 4045, 2878, 3824, 3459, 3769, 3323, 2978, 4084, 4726, 3388, 2960, 2645, 3589, 2486, 3091, 3401, 2114, 3511, 2858, 2888, 3285, 2271, 3496, 3190, 2983, 1887, 4249, 3154, 3306, 3752, 2728, 3197, 2440, 2669, 1938, 2442, 2852, 1595, 2026, 1705, 2505, 1893, 3928, 2485, 1985, 2590, 2333, 2071, 2348, 1462, 2812, 1703, 2261, 2516, 1836, 2415, 2201, 2216, 1262, 2127, 2154, 2190, 1863, 2382, 2019, 1712, 1451, 1643, 1917, 1939, 1879, 1778, 1047, 2002, 2463, 2064, 1714, 1604, 1421, 2086, 893, 1692, 1464, 1031, 1546, 1008, 1146, 1648, 1428, 1650, 1306, 1801, 1694, 1237, 1484, 621, 884, 1323, 1454, 1047, 1492, 1274, 1517, 1507, 1585, 804, 1452, 942, 1432, 1369, 1095, 964, 1417, 994, 989, 1366, 1624, 1794, 1103, 1247, 1080, 1131, 1029, 938, 876, 954, 1052, 950, 1172, 941, 549, 1008, 787, 987, 576, 684, 680, 1269, 864, 535, 756, 777, 730, 587, 634, 640, 712, 761, 488, 914, 763, 1075, 471, 1010, 289, 618, 741, 805, 748, 965, 428, 419, 739, 721, 559, 689, 224, 596, 530, 455, 519, 382, 391, 618, 690, 339, 228, 401, 708, 405, 745, 408, 433, 517, 324, 495, 482, 542, 602, 581, 317, 505, 381, 840, 333, 405, 101, 699, 477, 196, 224, 327, 328, 258, 337, 92, 54, 408, 313, 657, 293, 337, 260, 249, 291, 489, 175, 139, 169, 331, 211, 88, 207, 150, 66, 122, 199, 435, 400, 101, 111, 476, 219, 34, 258, 181, 253, 362, 237, 204, 285, 157, 223, 180, 46, 94, 235, 173, 542, 156, 165, 71, 188, 136, 301, 103, 245, 135, 73, 73, 347, 280, 93, 219, 115, 24, 137, 88, 192, 41, 281, 30, 125, 46, 0, 94, 343, 148, 54, 183, 169, 152, 125, 64, 23, 171, 225, 119, 88, 500, 91, 204, 5, 104, 41, 66, 256, 104, 156, 97, 187, 26, 91, 95, 110, 154, 3, 69, 66, 49, 2, 49, 0, 159, 18, 7, 45, 181, 22, 67, 53, 22, 164, 0, 5, 18, 234, 0, 0, 12, 0, 66, 78, 107, 78, 0, 0, 0, 36, 90, 204, 0, 0, 15, 14, 83, 0, 39, 14, 51, 0, 0, 0, 16, 6, 116, 7, 15, 16, 104, 0, 0, 30, 59, 0, 109, 106, 0, 35, 0, 47, 0, 0, 33, 20, 20, 0, 11, 0, 0, 32, 59, 0, 7, 0, 0, 136, 0, 65, 15, 0, 25, 10, 7, 31, 4, 20, 0, 7, 26, 0, 0, 0, 84, 75, 0, 0, 46, 0, 42, 4, 54, 0, 0, 24, 0, 0, 0, 0, 0, 0, 0, 23, 0, 0, 29, 32, 0, 0, 5, 0, 0, 14, 81, 0, 0, 0, 0, 14, 0, 0, 0, 5, 0, 0, 29, 1, 0, 0, 0, 0, 0, 0, 0, 0, 0, 6, 0, 0, 0, 0, 0, 0, 0, 36, 0, 28, 0, 0, 0, 0, 0, 0, 0, 0, 0, 0, 0, 0, 0, 0, 0, 0, 0, 0, 0, 0, 0, 0, 0, 0, 0, 0, 0, 98, 0, 0, 0, 0, 0, 0, 0, 83, 0, 0, 0, 0, 0, 0, 0, 0, 0, 0, 0, 0, 0, 0, 0, 0, 12, 0, 0, 0, 0, 0, 0, 0, 0, 0, 59, 12, 0, 0, 0, 0, 0, 0, 0, 0, 0, 0, 0, 0, 0, 0, 0, 0, 0, 0, 0, 0, 0, 0, 0, 0, 0, 0, 0, 0, 0, 0, 0, 0, 0, 0, 0, 0, 0, 0, 0, 0, 0, 0, 0, 0, 0, 0, 0, 0, 0, 0, 0, 0, 0, 0, 0, 0, 0, 0, 0, 0, 0, 0, 0, 0, 0, 0, 0, 0, 0, 0, 0, 0, 0, 0, 0, 0, 0, 0, 0, 0, 0, 0, 0, 0, 0, 0, 0, 0, 0, 0, 0, 0, 0, 0, 0, 0, 0, 0, 0, 0, 0, 0, 0, 0, 0, 0, 0, 0, 0, 0, 0, 0, 0, 0, 0, 0, 0, 0, 0, 0, 0, 0, 0, 0, 0, 0, 0, 0, 0, 0, 0, 0, 0, 0, 0, 0, 0, 0, 0, 0, 0, 0, 0, 0, 0, 0, 0, 0, 0, 0, 0, 0, 0, 0, 0, 0, 0, 0, 0, 0, 0, 0, 0, 0, 0, 0, 0, 0, 0, 0, 0, 0, 0, 0, 0, 0, 0, 0, 0, 0, 0, 0, 0, 0, 0, 0, 0, 0, 0, 0, 0, 0, 0, 0, 0, 0, 0, 0, 0, 0, 0, 0, 0, 0, 0, 0, 0, 0, 0, 0, 0, 0, 0, 0, 0, 0, 0, 0, 0, 0, 0, 0, 0, 0, 0, 0, 0, 0, 0, 0, 0, 0, 0, 0, 0, 0, 0, 0, 0, 0, 0, 0, 0, 0, 0, 0, 0, 0, 0, 0, 0, 0, 0, 0, 0, 0, 0, 0, 0, 0, 0, 0, 0, 0, 0, 0, 0, 0, 0, 0, 0, 0, 0, 0, 0, 0, 0, 0, 0, 0, 0, 0, 0, 0, 0, 0, 0, 0, 0, 0, 0, 0, 0, 0, 0, 0, 0, 0, 0, 0, 0, 0, 0, 0, 0, 0, 0, 0, 0, 0, 0, 0, 0, 0, 0, 0, 0, 0, 0, 0, 0, 0, 0, 0, 0, 0, 0, 0, 0, 0, 0, 0, 0, 0, 0, 0, 0, 0, 0, 0, 0, 0, 0, 0, 0, 0, 0, 0, 0, 0, 0, 0, 0, 0, 0, 0, 0, 0, 0, 0, 0, 0, 0, 0, 0, 0, 0, 0, 0, 0, 0, 0, 0, 0, 0, 0, 0, 0, 0, 0, 0, 0, 0, 0, 0, 0, 0, 0, 0, 0, 0, 0, 0, 0, 0, 0, 0, 0, 0, 0, 0, 0, 0, 0, 0, 0, 0, 0, 0, 0, 0, 0, 0, 0, 0, 0, 0, 0, 0, 0, 0, 0, 0, 0, 0, 0, 0, 0, 0, 0, 0, 0, 0, 0, 0, 0, 0, 0, 0, 0, 0, 0, 0, 0, 0, 0, 0, 0, 0, 0, 0, 0, 0, 0, 0, 0, 0, 0, 0, 0, 0, 0, 0, 0, 0, 0, 0, 0, 0, 0, 0, 0, 0, 0, 0, 0, 0, 0, 0, 0, 0, 0, 0, 0, 0, 0, 0, 0, 0, 0, 0, 0, 0, 0, 0, 0, 0, 0, 0, 0, 0, 0, 0, 0, 0, 0, 0, 0]
