n = 400
v = 200
λ = 170.62972324554374
λ_0 = 218.7864829269771 (без учёта столкновений со стенками)
столкновений со стенками за секунду: 91.44333333333333
столкновений между собой за секунду: 162.00166666666667
время: 600
средняя скорость: 177.21868678854167
наиболее вероятная скорость: 127.5
P: 17.72188743915425
nmax: 85640
[48, 2235, 2767, 3149, 4320, 4507, 5143, 6505, 11097, 11203, 10717, 10019, 14112, 16479, 15059, 21089, 22131, 20704, 20965, 21917, 21098, 22188, 27273, 24074, 27166, 31607, 28703, 31624, 35900, 32451, 31338, 39075, 35685, 28590, 34053, 36080, 39260, 41194, 38976, 42378, 42132, 45925, 41675, 49295, 45230, 46819, 43857, 45963, 48865, 49717, 52759, 47845, 48787, 56739, 52298, 49922, 48911, 51694, 55777, 59940, 61371, 59916, 57188, 62562, 63710, 61071, 66430, 69270, 63722, 60931, 57865, 70995, 61374, 64099, 63275, 66771, 64896, 70975, 70960, 70126, 70122, 70999, 68269, 73306, 67612, 72596, 73354, 77726, 67976, 69140, 67810, 76340, 78035, 73463, 73635, 80236, 76496, 75128, 71935, 76778, 76635, 74521, 85643, 70180, 75683, 74318, 70574, 78414, 74183, 74678, 82117, 75527, 79368, 75028, 80566, 83687, 75485, 74151, 76767, 79376, 81829, 75109, 77069, 78125, 65953, 78878, 77239, 77513, 79337, 74792, 74354, 78780, 80834, 79877, 73529, 79733, 69967, 74242, 73990, 74359, 74659, 70490, 73919, 70331, 76198, 71484, 79389, 71734, 74494, 67873, 67162, 66594, 67218, 68617, 63420, 72693, 68116, 66133, 68063, 65626, 69709, 62243, 63882, 64602, 65053, 65933, 64346, 62139, 58870, 67011, 62643, 62187, 64527, 63178, 57238, 58906, 58909, 57898, 60460, 56873, 53881, 57290, 58487, 56455, 59956, 50366, 52872, 49713, 52577, 52367, 52045, 52658, 49353, 52544, 52099, 49835, 46823, 45891, 48505, 48706, 49583, 46808, 48221, 44705, 46528, 42977, 45767, 43223, 44141, 44763, 43583, 42457, 39367, 40121, 34345, 38429, 37812, 41183, 39155, 36559, 36135, 36260, 36003, 39946, 35110, 33302, 33471, 32342, 30897, 32444, 31677, 33631, 30602, 34051, 31313, 31207, 30599, 30330, 31096, 29126, 27315, 27542, 28109, 26248, 24983, 26789, 27888, 27267, 23612, 26859, 24925, 22246, 23200, 22676, 20615, 23595, 21740, 20714, 21197, 21517, 20678, 17570, 20728, 19600, 17776, 18325, 17659, 20163, 17438, 19584, 18812, 16474, 19797, 13859, 13396, 17084, 16732, 17564, 13257, 17233, 11906, 14700, 12535, 14100, 13861, 14985, 13019, 15645, 12812, 12224, 13074, 12424, 11207, 11425, 9860, 10747, 10589, 10222, 10172, 11326, 11339, 11042, 10547, 9536, 10137, 8813, 7794, 7133, 6355, 9027, 8214, 6400, 10158, 7885, 7435, 7862, 7218, 8191, 8763, 6573, 6765, 5853, 7251, 5670, 5640, 6238, 5156, 5225, 6725, 7135, 6158, 5455, 4605, 5893, 5022, 5439, 6178, 4866, 3424, 3548, 5480, 3091, 4427, 4092, 3821, 2776, 3190, 4055, 3011, 2550, 3387, 3235, 3835, 2772, 3298, 2964, 3366, 3185, 2276, 2480, 1712, 2738, 2801, 2415, 2469, 1716, 1706, 1997, 2031, 1918, 1955, 2191, 2127, 2271, 1002, 1638, 1066, 2228, 1479, 1272, 1357, 2193, 1453, 1379, 1310, 1755, 1393, 723, 745, 1210, 745, 917, 930, 882, 604, 1148, 998, 1491, 1061, 977, 1802, 655, 870, 1230, 725, 1201, 701, 490, 681, 933, 523, 437, 766, 692, 286, 418, 392, 626, 558, 593, 955, 446, 369, 362, 477, 570, 327, 92, 309, 239, 662, 237, 274, 253, 313, 298, 371, 132, 176, 268, 177, 120, 322, 41, 52, 259, 179, 192, 134, 233, 215, 252, 213, 93, 33, 131, 149, 75, 141, 18, 119, 111, 29, 114, 77, 92, 41, 202, 75, 167, 352, 14, 0, 171, 3, 1, 7, 255, 69, 82, 0, 115, 20, 43, 88, 31, 105, 64, 0, 50, 2, 7, 35, 0, 12, 7, 30, 2, 64, 5, 3, 20, 0, 0, 4, 0, 0, 27, 0, 16, 0, 36, 0, 64, 0, 38, 0, 0, 75, 40, 0, 4, 0, 0, 0, 0, 0, 0, 0, 0, 39, 0, 0, 0, 91, 0, 0, 0, 125, 0, 0, 0, 0, 0, 0, 0, 0, 0, 0, 0, 0, 0, 0, 0, 0, 0, 0, 0, 0, 0, 0, 0, 0, 0, 0, 0, 0, 0, 0, 0, 0, 0, 0, 0, 0, 0, 0, 0, 0, 0, 0, 0, 0, 0, 0, 0, 16, 0, 0, 0, 0, 0, 0, 0, 0, 0, 0, 0, 0, 0, 0, 0, 1, 0, 0, 0, 0, 0, 0, 0, 0, 0, 0, 0, 0, 0, 0, 0, 0, 0, 0, 0, 0, 0, 20, 7, 0, 0, 0, 0, 0, 0, 0, 0, 0, 0, 0, 0, 0, 0, 0, 0, 0, 0, 0, 0, 0, 0, 0, 0, 0, 0, 0, 0, 0, 0, 0, 0, 0, 0, 0, 0, 0, 0, 0, 0, 0, 0, 0, 0, 0, 0, 0, 0, 0, 0, 0, 0, 0, 0, 0, 0, 0, 0, 0, 0, 0, 0, 0, 0, 0, 0, 0, 0, 0, 0, 0, 0, 0, 0, 0, 0, 0, 0, 0, 0, 0, 0, 0, 0, 0, 0, 0, 0, 0, 0, 0, 0, 0, 0, 0, 0, 0, 0, 0, 0, 0, 0, 0, 0, 0, 0, 0, 0, 0, 0, 0, 0, 0, 0, 0, 0, 0, 0, 0, 0, 0, 0, 0, 0, 0, 0, 0, 0, 0, 0, 0, 0, 0, 0, 0, 0, 0, 0, 0, 0, 0, 0, 0, 0, 0, 0, 0, 0, 0, 0, 0, 0, 0, 0, 0, 0, 0, 0, 0, 0, 0, 0, 0, 0, 0, 0, 0, 0, 0, 0, 0, 0, 0, 0, 0, 0, 0, 0, 0, 0, 0, 0, 0, 0, 0, 0, 0, 0, 0, 0, 0, 0, 0, 0, 0, 0, 0, 0, 0, 0, 0, 0, 0, 0, 0, 0, 0, 0, 0, 0, 0, 0, 0, 0, 0, 0, 0, 0, 0, 0, 0, 0, 0, 0, 0, 0, 0, 0, 0, 0, 0, 0, 0, 0, 0, 0, 0, 0, 0, 0, 0, 0, 0, 0, 0, 0, 0, 0, 0, 0, 0, 0, 0, 0, 0, 0, 0, 0, 0, 0, 0, 0, 0, 0, 0, 0, 0, 0, 0, 0, 0, 0, 0, 0, 0, 0, 0, 0, 0, 0, 0, 0, 0, 0, 0, 0, 0, 0, 0, 0, 0, 0, 0, 0, 0, 0, 0, 0, 0, 0, 0, 0, 0, 0, 0, 0, 0, 0, 0, 0, 0, 0, 0, 0, 0, 0, 0, 0, 0, 0, 0, 0, 0, 0, 0, 0, 0, 0, 0, 0, 0, 0, 0, 0, 0, 0, 0, 0, 0, 0, 0, 0, 0, 0, 0, 0, 0, 0, 0, 0, 0, 0, 0, 0, 0, 0, 0, 0, 0, 0, 0, 0, 0, 0, 0, 0, 0, 0, 0, 0, 0, 0, 0, 0, 0, 0, 0, 0, 0, 0, 0, 0, 0, 0, 0, 0, 0, 0, 0, 0, 0, 0, 0, 0, 0, 0, 0, 0, 0, 0, 0, 0, 0, 0, 0, 0, 0, 0, 0, 0, 0, 0, 0, 0, 0, 0, 0, 0, 0, 0, 0, 0, 0, 0, 0, 0, 0, 0, 0, 0, 0, 0, 0, 0, 0, 0, 0, 0, 0, 0, 0, 0, 0, 0, 0, 0, 0, 0, 0, 0, 0, 0, 0, 0, 0, 0, 0, 0, 0, 0, 0, 0, 0, 0, 0, 0, 0, 0, 0, 0, 0, 0, 0, 0, 0, 0, 0, 0, 0, 0, 0, 0, 0, 0, 0, 0, 0, 0, 0, 0, 0, 0, 0, 0, 0, 0, 0, 0, 0, 0, 0, 0, 0, 0, 0, 0, 0, 0, 0, 0, 0, 0, 0, 0, 0, 0, 0, 0, 0, 0, 0, 0, 0, 0, 0, 0, 0, 0, 0, 0, 0, 0, 0, 0, 0, 0, 0, 0, 0, 0, 0, 0, 0, 0, 0, 0, 0, 0, 0, 0, 0, 0, 0, 0, 0, 0, 0, 0, 0, 0, 0, 0, 0, 0, 0, 0, 0, 0, 0, 0, 0, 0, 0, 0, 0, 0, 0, 0, 0, 0, 0, 0, 0, 0, 0, 0, 0, 0, 0, 0, 0, 0, 0, 0, 0, 0, 0, 0, 0, 0, 0, 0, 0, 0, 0, 0, 0, 0, 0, 0, 0, 0, 0, 0, 0, 0, 0, 0, 0, 0, 0, 0, 0, 0, 0, 0, 0, 0, 0, 0, 0, 0, 0, 0, 0, 0, 0, 0, 0, 0, 0, 0, 0, 0, 0, 0, 0, 0, 0, 0, 0, 0, 0, 0, 0, 0, 0, 0, 0, 0, 0, 0, 0, 0, 0, 0, 0, 0, 0, 0, 0, 0, 0, 0, 0, 0, 0, 0, 0, 0, 0, 0, 0, 0, 0, 0, 0, 0, 0, 0, 0, 0, 0, 0, 0, 0, 0, 0, 0, 0, 0, 0, 0, 0, 0, 0, 0, 0, 0, 0, 0, 0, 0, 0, 0, 0, 0, 0, 0, 0, 0, 0, 0, 0, 0, 0, 0, 0, 0, 0, 0, 0, 0, 0, 0, 0, 0, 0, 0, 0, 0, 0, 0, 0, 0, 0, 0, 0, 0, 0, 0, 0, 0, 0, 0, 0, 0, 0, 0, 0, 0, 0, 0, 0, 0, 0, 0, 0, 0, 0, 0, 0, 0, 0, 0, 0, 0, 0, 0, 0, 0, 0, 0, 0, 0, 0, 0, 0, 0, 0, 0, 0, 0, 0, 0, 0, 0, 0, 0, 0, 0, 0, 0, 0, 0, 0, 0, 0, 0, 0, 0, 0, 0, 0, 0, 0, 0, 0, 0, 0, 0, 0, 0, 0, 0, 0, 0, 0, 0, 0, 0, 0, 0, 0, 0, 0, 0, 0, 0, 0, 0, 0, 0, 0, 0, 0, 0, 0, 0, 0, 0, 0, 0, 0, 0, 0, 0, 0, 0, 0, 0, 0, 0, 0, 0, 0, 0, 0, 0, 0, 0, 0, 0, 0, 0, 0, 0, 0, 0, 0, 0, 0, 0, 0, 0, 0, 0, 0, 0, 0, 0, 0, 0, 0, 0, 0, 0, 0, 0, 0, 0, 0, 0, 0, 0, 0, 0, 0, 0, 0, 0, 0, 0, 0, 0, 0, 0, 0, 0, 0, 0, 0, 0, 0, 0, 0, 0, 0, 0, 0, 0, 0, 0, 0, 0, 0, 0, 0, 0, 0, 0, 0, 0, 0, 0, 0, 0, 0, 0, 0, 0, 0, 0, 0, 0, 0, 0, 0, 0, 0, 0, 0, 0, 0, 0, 0, 0, 0, 0, 0, 0, 0, 0, 0]
