
[100], [100], [88.6226925452758], [88.81446126597635], 
[100], [150], [132.9340388179137], [133.16543757327378], 
[100], [200], [177.2453850905516], [177.01374093024353], 
[100], [250], [221.5567313631895], [221.8654152218954], 
[100], [300], [265.8680776358274], [266.58056163701485], 
[150], [100], [88.6226925452758], [88.61370218432891], 
[150], [150], [132.9340388179137], [132.71145097382504], 
[150], [200], [177.2453850905516], [177.34476650004137], 
[150], [250], [221.5567313631895], [221.94166904737477], 
[150], [300], [265.8680776358274], [266.16809974344704], 
[200], [100], [88.6226925452758], [88.5289687491965], 
[200], [150], [132.9340388179137], [132.9667754117341], 
[200], [200], [177.2453850905516], [177.23041505543924], 
[200], [250], [221.5567313631895], [221.67186037552383], 
[200], [300], [265.8680776358274], [265.9415057254596], 
[250], [100], [88.6226925452758], [88.63437132922772], 
[250], [150], [132.9340388179137], [132.95694585774518], 
[250], [200], [177.2453850905516], [177.4918155549768], 
[250], [250], [221.5567313631895], [221.7456390095454], 
[250], [300], [265.8680776358274], [266.09366317004543], 
[300], [100], [88.6226925452758], [88.60188159924711], 
[300], [200], [177.2453850905516], [177.36844851806677], 
[300], [250], [221.5567313631895], [221.86271754810974], 
[300], [300], [265.8680776358274], [266.0449109393164], 
