
[100], [100], [0.5], [0.5031212205822428], 
[100], [150], [1.125], [1.132429948265095], 
[100], [200], [2.0], [2.0130386885366742], 
[100], [250], [3.125], [3.145383038288122], 
[100], [300], [4.5], [4.529308762711064], 
[150], [100], [0.7499999999999999], [0.7558471858569413], 
[150], [150], [1.6874999999999998], [1.7006805839713464], 
[150], [200], [2.9999999999999996], [3.0237433691782076], 
[150], [250], [4.6875], [4.723898591109877], 
[150], [300], [6.749999999999999], [6.803001248632485], 
[200], [100], [1.0], [1.0090333245903538], 
[200], [150], [2.25], [2.2704920730483735], 
[200], [200], [4.0], [4.036408431140379], 
[200], [250], [6.25], [6.306448522107748], 
[200], [300], [9.0], [9.081852354060162], 
[250], [100], [1.25], [1.2631048030015906], 
[250], [150], [2.8125], [2.84152542813382], 
[250], [200], [5.0], [5.051849826367224], 
[250], [250], [7.8125], [7.892903881078197], 
[250], [300], [11.25], [11.36642196199274], 
[300], [100], [1.4999999999999998], [1.5175977358532933], 
[300], [200], [5.999999999999999], [6.0698406554226265], 
[300], [250], [9.375], [9.484613571725198], 
[300], [300], [13.499999999999998], [13.656726182193923], 
