
[100], [100], [11.308208422819048], [11.388666666666667], 
[100], [150], [16.955150111025386], [17.062333333333335], 
[100], [200], [22.53808949138913], [22.674], 
[100], [250], [28.2487820269604], [28.436], 
[100], [300], [33.942091293395684], [34.077666666666666], 
[150], [100], [16.923970473970837], [17.09], 
[150], [150], [25.34602011285838], [25.587], 
[150], [200], [33.87035546395146], [34.07033333333333], 
[150], [250], [42.38773644834624], [42.663], 
[150], [300], [50.83436252105548], [51.20166666666667], 
[200], [100], [22.543716773220076], [22.791333333333334], 
[200], [150], [33.85971131802779], [34.114], 
[200], [200], [45.13135459568228], [45.574666666666666], 
[200], [250], [56.44827571702571], [56.888666666666666], 
[200], [300], [67.72144833521357], [68.30033333333333], 
[250], [100], [28.213196649778315], [28.422666666666668], 
[250], [150], [42.32151030332329], [42.76466666666666], 
[250], [200], [56.49739960785903], [57.08566666666667], 
[250], [250], [70.58382911488033], [71.35433333333333], 
[250], [300], [84.7002436378851], [85.60866666666666], 
[300], [100], [33.84342581703125], [34.196666666666665], 
[300], [200], [67.74975679245765], [68.53099999999999], 
[300], [250], [84.74531564539838], [85.80133333333333], 
[300], [300], [101.62167038504465], [102.76199999999999], 
