
[100], [100], [70.71067811865474], [82.5], 
[100], [150], [106.06601717798212], [95.0], 
[100], [200], [141.42135623730948], [121.25], 
[100], [250], [176.77669529663686], [127.5], 
[100], [300], [212.13203435596424], [251.24999999999997], 
[150], [100], [70.71067811865474], [61.25], 
[150], [150], [106.06601717798212], [107.5], 
[150], [200], [141.42135623730948], [142.5], 
[150], [250], [176.77669529663686], [178.75], 
[150], [300], [212.13203435596424], [218.75], 
[200], [100], [70.71067811865474], [60.0], 
[200], [150], [106.06601717798212], [110.0], 
[200], [200], [141.42135623730948], [160.0], 
[200], [250], [176.77669529663686], [172.5], 
[200], [300], [212.13203435596424], [226.25], 
[250], [100], [70.71067811865474], [70.0], 
[250], [150], [106.06601717798212], [111.25], 
[250], [200], [141.42135623730948], [155.0], 
[250], [250], [176.77669529663686], [160.0], 
[250], [300], [212.13203435596424], [196.25], 
[300], [100], [70.71067811865474], [76.25], 
[300], [200], [141.42135623730948], [143.75], 
[300], [250], [176.77669529663686], [175.0], 
[300], [300], [212.13203435596424], [187.5], 
