
[100], [100], [833.3333333333333], [880.8036707198532], 
[100], [150], [833.3333333333333], [889.428037123333], 
[100], [200], [833.3333333333333], [891.84651748385], 
[100], [250], [833.3333333333333], [888.0758436586493], 
[100], [300], [833.3333333333333], [893.7040527800567], 
[150], [100], [555.5555555555555], [596.4471968109849], 
[150], [150], [555.5555555555555], [589.573740551229], 
[150], [200], [555.5555555555555], [591.0625435172673], 
[150], [250], [555.5555555555555], [588.3832839345017], 
[150], [300], [555.5555555555555], [587.9152248222497], 
[200], [100], [416.66666666666663], [440.5389756044875], 
[200], [150], [416.66666666666663], [439.26055646344975], 
[200], [200], [416.66666666666663], [440.514107841305], 
[200], [250], [416.66666666666663], [441.19065701923614], 
[200], [300], [416.66666666666663], [442.00134140480174], 
[250], [100], [333.3333333333333], [349.61864890831987], 
[250], [150], [333.3333333333333], [354.1871624104286], 
[250], [200], [333.3333333333333], [350.52231947249714], 
[250], [250], [333.3333333333333], [352.11106105375467], 
[250], [300], [333.3333333333333], [352.554045852029], 
[300], [100], [277.77777777777777], [292.31022819436737], 
[300], [200], [277.77777777777777], [292.5562357426076], 
[300], [250], [277.77777777777777], [292.4858740164809], 
[300], [300], [277.77777777777777], [292.7356528611085], 
