n = 400
v = 300
λ = 170.8180467069413
λ_0 = 219.16801082042 (без учёта столкновений со стенками)
столкновений со стенками за секунду: 137.41400695810015
столкновений между собой за секунду: 242.73846619270913
время: 330
средняя скорость: 266.0016842670196
наиболее вероятная скорость: 212.5
P: 665.0063348131979
nmax: 29992
[49, 467, 582, 820, 926, 1393, 1580, 1559, 2068, 2757, 2617, 2948, 3451, 3305, 3529, 4269, 4034, 4642, 4577, 4969, 5566, 5875, 6420, 5987, 6500, 7030, 7264, 6880, 8514, 7607, 8626, 7884, 8813, 7918, 8451, 8668, 9861, 9769, 10878, 10492, 10230, 11832, 11149, 11159, 11879, 12461, 12297, 11536, 12422, 12318, 12316, 13176, 13954, 14298, 13862, 14564, 15272, 14944, 14260, 15512, 15380, 13880, 14861, 15998, 15732, 16083, 17075, 16999, 18189, 17662, 18541, 17833, 19200, 18270, 18463, 19298, 18914, 17567, 19386, 19266, 19807, 18924, 20286, 20104, 20695, 20830, 20691, 21232, 21501, 20207, 22322, 22453, 22248, 22145, 22537, 22846, 23608, 22003, 23200, 22186, 21183, 23960, 22044, 24264, 23402, 24421, 26595, 23408, 23751, 23967, 23315, 25535, 24442, 25151, 23804, 25080, 26241, 26281, 24760, 25865, 26757, 25623, 24890, 25977, 25301, 27180, 26402, 26845, 25467, 26963, 26513, 26289, 27011, 26213, 28225, 27599, 26973, 27289, 27124, 28105, 27017, 28010, 27614, 26515, 27625, 26971, 28778, 28810, 27807, 27438, 28718, 27564, 28328, 28123, 27841, 28541, 27977, 28260, 28354, 28709, 27635, 27824, 27407, 28647, 29496, 28371, 28320, 27999, 28122, 29897, 29994, 29241, 26551, 28371, 26316, 28934, 28799, 28653, 27991, 28848, 28720, 28846, 28572, 27714, 27364, 28591, 27060, 29838, 28534, 26449, 27758, 28462, 27693, 27434, 27393, 26909, 28200, 26658, 27984, 27281, 27271, 26930, 27758, 27110, 28157, 28743, 26717, 27626, 27388, 27837, 26824, 26561, 25496, 27535, 26989, 27462, 26220, 26709, 25751, 27138, 26600, 26168, 27131, 26852, 25366, 26070, 26465, 24566, 25770, 24965, 24661, 26542, 25785, 25470, 24810, 24264, 24791, 25040, 23546, 24834, 24613, 24131, 24533, 23770, 22908, 23434, 23449, 23342, 24314, 23901, 23172, 22755, 23351, 22008, 21489, 22598, 22181, 22636, 23072, 22188, 23068, 22262, 22317, 20777, 21694, 21907, 21134, 22313, 22570, 20568, 21426, 21283, 20103, 20414, 20807, 20633, 19112, 19118, 20414, 19447, 19180, 19480, 19133, 19228, 19564, 18093, 20194, 18746, 19800, 18618, 18559, 18194, 17950, 18065, 18102, 17508, 17909, 17655, 17253, 18782, 16921, 17334, 16504, 17356, 16835, 17505, 16840, 16284, 16211, 15514, 15709, 15736, 15734, 16249, 15978, 15207, 14474, 15172, 14896, 14744, 15357, 14515, 15113, 14457, 14651, 14665, 13818, 14771, 14112, 13737, 14184, 13758, 13725, 13256, 13448, 12985, 13126, 12763, 11931, 13173, 13444, 12671, 12924, 12552, 11898, 11429, 11422, 11438, 11152, 12032, 12127, 11439, 11526, 10865, 11162, 10790, 11323, 11017, 10895, 10225, 10526, 10211, 10040, 9832, 9850, 10040, 10417, 10207, 9881, 9587, 9565, 9005, 9126, 9440, 8826, 9654, 8603, 8663, 8441, 7895, 8316, 8352, 9063, 8532, 8249, 8220, 8479, 8057, 7821, 7931, 8307, 7484, 6974, 7472, 7439, 7615, 7226, 7171, 7069, 7248, 6552, 6698, 7054, 6684, 6813, 6659, 6394, 6894, 6393, 6339, 6123, 6025, 6265, 5953, 5732, 5025, 6042, 5622, 5669, 5167, 5598, 5626, 5260, 4901, 4936, 4703, 5073, 4995, 4748, 4760, 4860, 4477, 4648, 4390, 4955, 4689, 4753, 3965, 4273, 4219, 3959, 3875, 3776, 4424, 4160, 4090, 3721, 3440, 4229, 3669, 3689, 3723, 3434, 3633, 3302, 3578, 3499, 2967, 3170, 3088, 3121, 3011, 2997, 2950, 3162, 3046, 3171, 3019, 2867, 3176, 2668, 2625, 2745, 2889, 3189, 2777, 2513, 2677, 2859, 2256, 2171, 2115, 2212, 2389, 2105, 2101, 2193, 2249, 1980, 1970, 2009, 2169, 1940, 2009, 1939, 1888, 2059, 1952, 1649, 1902, 1745, 1512, 1624, 1956, 1606, 1793, 1379, 1730, 1629, 1442, 1573, 1600, 1438, 1225, 1330, 1486, 1358, 1339, 1455, 1360, 1328, 1483, 1080, 1438, 922, 1142, 1146, 1133, 1136, 1076, 1032, 833, 1006, 792, 1166, 1103, 1086, 944, 879, 1022, 1099, 917, 879, 881, 810, 903, 815, 909, 788, 844, 873, 918, 612, 651, 695, 722, 827, 708, 660, 654, 616, 614, 575, 745, 552, 655, 655, 585, 596, 556, 503, 578, 555, 419, 469, 486, 464, 510, 505, 442, 454, 541, 334, 433, 465, 542, 259, 376, 387, 329, 298, 447, 295, 363, 348, 285, 349, 323, 444, 333, 305, 302, 245, 297, 341, 317, 234, 316, 405, 259, 281, 300, 293, 332, 307, 191, 180, 225, 256, 198, 211, 167, 188, 165, 202, 241, 171, 181, 135, 165, 204, 182, 193, 258, 190, 150, 131, 101, 140, 133, 131, 68, 209, 158, 159, 133, 176, 90, 134, 135, 122, 107, 121, 114, 138, 132, 120, 60, 94, 102, 121, 49, 143, 104, 75, 88, 73, 92, 38, 44, 61, 73, 91, 58, 88, 49, 97, 41, 54, 38, 63, 39, 58, 69, 19, 59, 23, 33, 33, 54, 60, 8, 44, 15, 32, 24, 46, 52, 34, 61, 31, 8, 39, 27, 14, 25, 33, 32, 48, 6, 23, 72, 19, 29, 62, 20, 11, 37, 24, 31, 35, 18, 31, 20, 33, 23, 38, 19, 21, 14, 18, 5, 6, 32, 17, 16, 11, 0, 5, 7, 16, 20, 17, 15, 2, 6, 4, 3, 13, 15, 25, 1, 9, 16, 23, 9, 17, 20, 9, 4, 5, 3, 5, 6, 30, 8, 8, 1, 7, 0, 2, 3, 15, 9, 3, 2, 2, 12, 0, 8, 8, 4, 2, 5, 3, 4, 0, 0, 0, 0, 0, 0, 0, 3, 1, 7, 0, 0, 0, 0, 8, 0, 1, 0, 0, 5, 0, 0, 0, 1, 0, 0, 4, 15, 0, 2, 0, 0, 0, 17, 0, 0, 0, 1, 0, 0, 0, 3, 0, 1, 4, 0, 0, 0, 0, 9, 0, 0, 0, 0, 4, 0, 8, 1, 0, 0, 0, 0, 0, 0, 0, 7, 2, 0, 0, 3, 0, 0, 0, 1, 2, 0, 0, 12, 0, 0, 0, 3, 0, 0, 0, 0, 0, 5, 0, 0, 0, 0, 0, 0, 0, 0, 0, 0, 0, 0, 0, 0, 0, 0, 0, 0, 0, 0, 0, 3, 0, 0, 0, 0, 0, 0, 0, 0, 0, 0, 0, 0, 0, 0, 0, 0, 0, 0, 0, 0, 0, 0, 0, 0, 0, 0, 0, 0, 0, 0, 0, 0, 0, 0, 0, 0, 0, 0, 0, 0, 0, 0, 0, 0, 0, 0, 0, 0, 0, 0, 0, 0, 0, 0, 0, 0, 0, 0, 0, 0, 0, 1, 0, 0, 0, 0, 0, 0, 0, 0, 0, 0, 0, 0, 0, 0, 0, 0, 0, 0, 0, 0, 0, 0, 0, 0, 0, 0, 0, 0, 0, 0, 0, 0, 0, 0, 0, 0, 0, 0, 0, 0, 0, 0, 0, 0, 0, 0, 0, 0, 0, 0, 0, 0, 0, 0, 0, 0, 0, 0, 0, 0, 0, 0, 0, 0, 0, 0, 0, 0, 0, 0, 0, 0, 0, 0, 0, 0, 0, 0, 0, 0, 0, 0, 0, 0, 0, 0, 0, 0, 0, 0, 0, 0, 0, 0, 0, 0, 0, 0, 0, 0, 0, 0, 0, 0, 0, 0, 0, 0, 0, 0, 0, 0, 0, 0, 0, 0, 0, 0, 0, 0, 0, 0, 0, 0, 0, 0, 0, 0, 0, 0, 0, 0, 0, 0, 0, 0, 0, 0, 0, 0, 0, 0, 0, 0, 0, 0, 0, 0, 0, 0, 0, 0, 0, 0, 0, 0, 0, 0, 0, 0, 0, 0, 0, 0, 0, 0, 0, 0, 0, 0, 0, 0, 0, 0, 0, 0, 0, 0, 0, 0, 0, 0, 0, 0, 0, 0, 0, 0, 0, 0, 0, 0, 0, 0, 0, 0, 0, 0, 0, 0, 0, 0, 0, 0, 0, 0, 0, 0, 0, 0, 0, 0, 0, 0, 0, 0, 0, 0, 0, 0, 0, 0, 0, 0, 0, 0, 0, 0, 0, 0, 0, 0, 0, 0, 0, 0, 0, 0, 0, 0, 0, 0, 0, 0, 0, 0, 0, 0, 0, 0, 0, 0, 0, 0, 0, 0, 0, 0, 0, 0, 0, 0, 0, 0, 0, 0, 0, 0, 0, 0, 0, 0, 0, 0, 0, 0, 0, 0, 0, 0, 0, 0, 0, 0, 0, 0, 0, 0, 0, 0, 0, 0, 0, 0, 0, 0, 0, 0, 0, 0, 0, 0, 0, 0, 0, 0, 0, 0, 0, 0, 0, 0, 0, 0, 0, 0, 0, 0, 0, 0, 0, 0, 0, 0, 0, 0, 0, 0, 0, 0, 0, 0, 0, 0, 0, 0, 0, 0, 0, 0, 0, 0, 0, 0, 0, 0, 0, 0, 0, 0, 0, 0, 0, 0, 0, 0, 0, 0, 0, 0, 0, 0, 0, 0, 0, 0, 0, 0, 0, 0, 0, 0, 0, 0, 0, 0, 0, 0, 0, 0, 0, 0, 0, 0, 0, 0, 0, 0, 0, 0, 0, 0, 0, 0, 0, 0, 0, 0, 0, 0, 0, 0, 0, 0, 0, 0, 0, 0, 0, 0, 0, 0, 0, 0, 0, 0, 0, 0, 0, 0, 0, 0, 0, 0, 0, 0, 0, 0, 0, 0, 0, 0, 0, 0, 0, 0, 0, 0, 0, 0, 0, 0, 0, 0, 0, 0, 0, 0, 0, 0, 0, 0, 0, 0, 0, 0, 0, 0, 0, 0, 0, 0, 0, 0, 0, 0, 0, 0, 0, 0, 0, 0, 0, 0, 0, 0, 0, 0, 0, 0, 0, 0, 0, 0, 0, 0, 0, 0, 0, 0, 0, 0, 0, 0, 0, 0, 0, 0, 0, 0, 0, 0, 0, 0, 0, 0, 0, 0, 0, 0, 0, 0, 0, 0, 0, 0, 0, 0, 0, 0, 0, 0, 0, 0, 0, 0, 0, 0, 0, 0, 0, 0, 0, 0, 0, 0, 0, 0, 0, 0, 0, 0, 0, 0, 0, 0, 0, 0, 0, 0, 0, 0, 0, 0, 0, 0, 0, 0, 0, 0, 0, 0, 0, 0, 0, 0, 0, 0, 0, 0, 0, 0, 0, 0, 0, 0, 0, 0, 0, 0, 0, 0, 0, 0, 0, 0, 0, 0, 0, 0, 0, 0, 0, 0, 0, 0, 0, 0, 0, 0, 0, 0, 0, 0, 0, 0, 0, 0, 0, 0, 0, 0, 0, 0, 0, 0, 0, 0, 0, 0, 0, 0, 0, 0, 0, 0, 0, 0, 0, 0, 0, 0, 0, 0, 0, 0, 0, 0, 0, 0, 0, 0]
