n = 100
v = 200
λ = 417.2203387302189
λ_0 = 896.6556464961508 (без учёта столкновений со стенками)
столкновений со стенками за секунду: 22.70733333333333
столкновений между собой за секунду: 9.880333333333333
время: 600
средняя скорость: 177.18509552058737
наиболее вероятная скорость: 162.5
P: 110.74070840746835
nmax: 25115
[315, 178, 731, 1060, 1053, 1123, 1496, 3424, 1597, 1878, 2383, 2058, 4720, 3259, 5206, 4133, 3454, 3805, 4954, 3860, 3998, 5417, 4861, 5871, 8189, 6885, 6394, 8313, 8262, 10204, 8391, 8865, 8422, 8667, 8955, 9640, 10147, 10242, 7697, 10521, 12316, 10776, 12349, 12080, 12070, 9798, 11323, 12047, 11056, 13948, 11837, 14064, 10144, 15328, 16028, 11689, 13212, 16244, 13228, 13206, 14626, 16983, 13193, 16429, 20299, 15027, 14763, 15676, 12315, 16024, 14693, 15327, 18151, 17520, 17691, 19795, 18200, 17379, 17156, 17136, 18516, 19510, 20723, 17672, 19468, 21965, 18135, 17453, 16487, 14518, 18464, 18567, 18545, 18639, 18795, 21045, 21513, 17891, 18442, 18866, 19627, 17462, 20977, 16647, 19532, 19725, 18317, 18012, 19965, 18047, 17019, 17332, 16894, 16939, 18364, 19195, 20672, 20093, 18587, 17210, 22080, 19048, 17645, 20141, 18085, 16734, 16027, 21415, 17313, 18223, 25116, 18588, 19784, 18507, 17211, 20528, 17929, 20706, 16126, 17409, 15866, 16431, 20162, 19276, 16589, 17096, 18728, 17475, 16989, 17749, 17956, 17808, 17368, 16166, 15923, 16594, 15809, 19660, 18631, 17845, 16004, 17667, 18480, 15256, 14612, 17820, 13853, 15937, 15924, 15550, 15824, 15461, 13557, 13927, 17409, 15463, 15229, 14861, 14437, 13462, 17056, 16121, 14332, 14367, 14453, 12247, 11976, 13521, 14132, 12285, 13911, 13796, 14102, 10985, 12991, 12813, 10860, 13632, 10596, 10623, 11861, 10686, 11273, 11714, 13024, 11161, 10623, 12695, 10502, 10587, 10617, 8477, 9900, 10975, 11079, 10431, 7493, 9098, 8276, 9319, 10113, 7816, 7052, 9365, 9174, 9039, 9097, 8408, 7890, 8887, 8893, 7337, 7193, 6894, 8558, 6728, 7349, 7575, 6345, 7049, 8090, 7699, 7109, 6046, 7127, 6461, 7144, 7373, 6070, 6639, 6672, 6108, 4987, 5081, 4832, 4857, 6196, 5464, 5426, 4537, 4529, 5386, 3951, 5029, 5207, 5782, 4214, 4564, 4130, 3373, 5612, 5176, 4181, 4801, 5101, 3162, 3607, 4027, 3490, 3247, 4241, 3765, 4141, 2952, 3650, 4162, 3393, 3992, 2378, 3700, 3357, 3068, 2927, 2842, 3176, 3070, 2462, 3285, 3060, 3345, 2390, 2985, 2755, 2496, 2238, 3040, 2647, 2044, 2698, 1791, 2486, 2070, 1626, 1832, 2046, 2100, 2109, 2153, 1757, 1609, 1706, 1217, 1181, 2118, 1303, 1038, 1244, 1196, 1449, 1039, 1486, 734, 1646, 1229, 1584, 1735, 1198, 708, 658, 759, 529, 944, 1106, 825, 1086, 1277, 1173, 1175, 866, 908, 889, 607, 670, 338, 299, 653, 506, 470, 272, 227, 478, 582, 490, 713, 428, 414, 906, 488, 393, 435, 568, 569, 603, 271, 437, 425, 535, 574, 427, 758, 391, 211, 298, 250, 67, 415, 310, 261, 150, 288, 361, 308, 216, 109, 227, 73, 100, 282, 240, 185, 377, 211, 272, 125, 165, 74, 63, 184, 90, 350, 96, 162, 152, 47, 160, 28, 174, 143, 380, 188, 9, 346, 47, 28, 130, 205, 98, 135, 50, 99, 233, 128, 54, 38, 0, 36, 78, 15, 141, 0, 64, 102, 225, 68, 161, 300, 0, 50, 181, 45, 23, 53, 0, 31, 78, 109, 88, 40, 53, 48, 0, 30, 60, 61, 45, 0, 0, 11, 3, 0, 0, 35, 0, 7, 44, 93, 0, 79, 0, 0, 9, 11, 2, 54, 68, 11, 24, 0, 0, 10, 5, 0, 0, 0, 0, 0, 0, 0, 95, 0, 0, 21, 0, 0, 17, 0, 0, 0, 0, 18, 45, 0, 0, 0, 0, 49, 0, 0, 0, 0, 0, 0, 0, 0, 0, 0, 0, 12, 0, 26, 0, 0, 0, 0, 0, 0, 5, 0, 0, 0, 0, 0, 6, 0, 0, 0, 0, 0, 0, 0, 0, 0, 0, 0, 0, 0, 0, 0, 0, 0, 0, 0, 0, 0, 0, 0, 0, 0, 0, 0, 0, 0, 0, 0, 0, 0, 0, 0, 0, 0, 0, 0, 0, 0, 0, 0, 0, 0, 0, 0, 0, 0, 0, 0, 0, 0, 0, 0, 0, 0, 0, 0, 0, 0, 0, 0, 0, 0, 0, 0, 0, 0, 0, 0, 0, 0, 0, 0, 0, 0, 0, 0, 0, 0, 0, 0, 0, 0, 0, 0, 0, 0, 0, 0, 0, 0, 0, 0, 0, 0, 0, 0, 0, 0, 0, 0, 0, 0, 0, 0, 0, 0, 0, 0, 0, 0, 0, 0, 0, 0, 0, 0, 0, 0, 0, 0, 0, 0, 0, 0, 0, 0, 0, 0, 0, 0, 0, 0, 0, 0, 0, 0, 0, 0, 0, 0, 0, 0, 0, 0, 0, 0, 0, 0, 0, 0, 0, 0, 0, 0, 0, 0, 0, 0, 0, 0, 0, 0, 0, 0, 0, 0, 0, 0, 0, 0, 0, 0, 0, 0, 0, 0, 0, 0, 0, 0, 0, 0, 0, 0, 0, 0, 0, 0, 0, 0, 0, 0, 0, 0, 0, 0, 0, 0, 0, 0, 0, 0, 0, 0, 0, 0, 0, 0, 0, 0, 0, 0, 0, 0, 0, 0, 0, 0, 0, 0, 0, 0, 0, 0, 0, 0, 0, 0, 0, 0, 0, 0, 0, 0, 0, 0, 0, 0, 0, 0, 0, 0, 0, 0, 0, 0, 0, 0, 0, 0, 0, 0, 0, 0, 0, 0, 0, 0, 0, 0, 0, 0, 0, 0, 0, 0, 0, 0, 0, 0, 0, 0, 0, 0, 0, 0, 0, 0, 0, 0, 0, 0, 0, 0, 0, 0, 0, 0, 0, 0, 0, 0, 0, 0, 0, 0, 0, 0, 0, 0, 0, 0, 0, 0, 0, 0, 0, 0, 0, 0, 0, 0, 0, 0, 0, 0, 0, 0, 0, 0, 0, 0, 0, 0, 0, 0, 0, 0, 0, 0, 0, 0, 0, 0, 0, 0, 0, 0, 0, 0, 0, 0, 0, 0, 0, 0, 0, 0, 0, 0, 0, 0, 0, 0, 0, 0, 0, 0, 0, 0, 0, 0, 0, 0, 0, 0, 0, 0, 0, 0, 0, 0, 0, 0, 0, 0, 0, 0, 0, 0, 0, 0, 0, 0, 0, 0, 0, 0, 0, 0, 0, 0, 0, 0, 0, 0, 0, 0, 0, 0, 0, 0, 0, 0, 0, 0, 0, 0, 0, 0, 0, 0, 0, 0, 0, 0, 0, 0, 0, 0, 0, 0, 0, 0, 0, 0, 0, 0, 0, 0, 0, 0, 0, 0, 0, 0, 0, 0, 0, 0, 0, 0, 0, 0, 0, 0, 0, 0, 0, 0, 0, 0, 0, 0, 0, 0, 0, 0, 0, 0, 0, 0, 0, 0, 0, 0, 0, 0, 0, 0, 0, 0, 0, 0, 0, 0, 0, 0, 0, 0, 0, 0, 0, 0, 0, 0, 0, 0, 0, 0, 0, 0, 0, 0, 0, 0, 0, 0, 0, 0, 0, 0, 0, 0, 0, 0, 0, 0, 0, 0, 0, 0, 0, 0, 0, 0, 0, 0, 0, 0, 0, 0, 0, 0, 0, 0, 0, 0, 0, 0, 0, 0, 0, 0, 0, 0, 0, 0, 0, 0, 0, 0, 0, 0, 0, 0, 0, 0, 0, 0, 0, 0, 0, 0, 0, 0, 0, 0, 0, 0, 0, 0, 0, 0, 0, 0, 0, 0, 0, 0, 0, 0, 0, 0, 0, 0, 0, 0, 0, 0, 0, 0, 0, 0, 0, 0, 0, 0, 0, 0, 0, 0, 0, 0, 0, 0, 0, 0, 0, 0, 0, 0, 0, 0, 0, 0, 0, 0, 0, 0, 0, 0, 0, 0, 0, 0, 0, 0, 0, 0, 0, 0, 0, 0, 0, 0, 0, 0, 0, 0, 0, 0, 0, 0, 0, 0, 0, 0, 0, 0, 0, 0, 0, 0, 0, 0, 0, 0, 0, 0, 0, 0, 0, 0, 0, 0, 0, 0, 0, 0, 0, 0, 0, 0, 0, 0, 0, 0, 0, 0, 0, 0, 0, 0, 0, 0, 0, 0, 0, 0, 0, 0, 0, 0, 0, 0, 0, 0, 0, 0, 0, 0, 0, 0, 0, 0, 0, 0, 0, 0, 0, 0, 0, 0, 0, 0, 0, 0, 0, 0, 0, 0, 0, 0, 0, 0, 0, 0, 0, 0, 0, 0, 0, 0, 0, 0, 0, 0, 0, 0, 0, 0, 0, 0, 0, 0, 0, 0, 0, 0, 0, 0, 0, 0, 0, 0, 0, 0, 0, 0, 0, 0, 0, 0, 0, 0, 0, 0, 0, 0, 0, 0, 0, 0, 0, 0, 0, 0, 0, 0, 0, 0, 0, 0, 0, 0, 0, 0, 0, 0, 0, 0, 0, 0, 0, 0, 0, 0, 0, 0, 0, 0, 0, 0, 0, 0, 0, 0, 0, 0, 0, 0, 0, 0, 0, 0, 0, 0, 0, 0, 0, 0, 0, 0, 0, 0, 0, 0, 0, 0, 0, 0, 0, 0, 0, 0, 0, 0, 0, 0, 0, 0, 0, 0, 0, 0, 0, 0, 0, 0, 0, 0, 0, 0, 0, 0, 0, 0, 0, 0, 0, 0, 0, 0, 0, 0, 0, 0, 0, 0, 0, 0, 0, 0, 0, 0, 0, 0, 0, 0, 0, 0, 0, 0, 0, 0, 0, 0, 0, 0, 0, 0, 0, 0, 0, 0, 0, 0, 0, 0, 0, 0, 0, 0, 0, 0, 0, 0, 0, 0, 0, 0, 0, 0, 0, 0, 0, 0, 0, 0, 0, 0, 0, 0, 0, 0, 0, 0, 0, 0, 0, 0, 0, 0, 0, 0, 0, 0, 0, 0, 0, 0, 0, 0, 0, 0, 0, 0, 0, 0, 0, 0, 0, 0, 0, 0, 0, 0, 0, 0, 0, 0, 0, 0, 0, 0, 0, 0, 0, 0, 0, 0, 0, 0, 0, 0, 0, 0, 0, 0, 0, 0, 0, 0, 0, 0, 0, 0, 0, 0, 0, 0, 0, 0, 0, 0, 0, 0, 0, 0, 0, 0, 0, 0, 0, 0, 0, 0, 0, 0, 0, 0, 0, 0, 0, 0, 0, 0, 0, 0, 0, 0, 0, 0, 0, 0, 0, 0, 0, 0, 0, 0, 0, 0, 0, 0, 0, 0, 0, 0, 0, 0, 0, 0, 0, 0, 0, 0, 0, 0, 0, 0, 0, 0, 0, 0, 0, 0, 0, 0, 0, 0, 0, 0]
