n = 250
v = 200
λ = 242.82176128566562
λ_0 = 353.16037174975423 (без учёта столкновений со стенками)
столкновений со стенками за секунду: 57.071333333333335
столкновений между собой за секунду: 62.79833333333333
время: 600
средняя скорость: 177.4225897725756
наиболее вероятная скорость: 127.5
P: 277.22353431581234
nmax: 51279
[309, 780, 1552, 1697, 3064, 3945, 4251, 5062, 6003, 7840, 6498, 7028, 7818, 8714, 10315, 9696, 10594, 10769, 12326, 12898, 14278, 15237, 14289, 14479, 17975, 16532, 16639, 18973, 18656, 20342, 19285, 21434, 25324, 24130, 23865, 24134, 22853, 24436, 25995, 25109, 24327, 24924, 27374, 26910, 27972, 29902, 28839, 29727, 29850, 32677, 31322, 30722, 30751, 34360, 31158, 33703, 34227, 34067, 37813, 36608, 37451, 35708, 33502, 37175, 39259, 37420, 38640, 39562, 39579, 39711, 41204, 41385, 40046, 42212, 42802, 41270, 43611, 39970, 42382, 43535, 42731, 41943, 44976, 42357, 43863, 45746, 45335, 44358, 42513, 46989, 50687, 48065, 47008, 41643, 47286, 47499, 47424, 46604, 47639, 45223, 46883, 45470, 51280, 48193, 48299, 47908, 49535, 46225, 49897, 47696, 48098, 46871, 51045, 46215, 48219, 46868, 47085, 47740, 51113, 47209, 50211, 47944, 47897, 48389, 47946, 46562, 47196, 49682, 48996, 48330, 46979, 50095, 48484, 48388, 49580, 48209, 46400, 46971, 43908, 47821, 48936, 44931, 47468, 43355, 46251, 44118, 44976, 44729, 46459, 40093, 43567, 42584, 44454, 43276, 42570, 41009, 40741, 42861, 40406, 39780, 41380, 45700, 42028, 39954, 39745, 41965, 39021, 40309, 39033, 37752, 39813, 41145, 39246, 39775, 35960, 35537, 37961, 38558, 37269, 36289, 35973, 34125, 34484, 37785, 34938, 32782, 34396, 34886, 31864, 31699, 31916, 32653, 33194, 30529, 32176, 32329, 33034, 32229, 31241, 30828, 30958, 30079, 27765, 28812, 28832, 27522, 26985, 27808, 27507, 27066, 24860, 24768, 25147, 25125, 26042, 25682, 23272, 23969, 23793, 25751, 25967, 22379, 23737, 22452, 22675, 21881, 21626, 21831, 20974, 20398, 21331, 20485, 21330, 20358, 18403, 19561, 18085, 17999, 19867, 18557, 17306, 16902, 16389, 17256, 17226, 16783, 14841, 16489, 15363, 15137, 15157, 14573, 14172, 15679, 14550, 13349, 13839, 13239, 13918, 12141, 13704, 11772, 12929, 11214, 11641, 12600, 11099, 11217, 11898, 11301, 10876, 11035, 10813, 10250, 9962, 10418, 10887, 8806, 8830, 8868, 8514, 8702, 8356, 9734, 8608, 8953, 7407, 7483, 8310, 7496, 7602, 7842, 6493, 7083, 7369, 6651, 6602, 5922, 5861, 6923, 6616, 5808, 6144, 5700, 6062, 6472, 5269, 4952, 5711, 4672, 4765, 5328, 5021, 5027, 4312, 4376, 3815, 4200, 4304, 3726, 4442, 3828, 3653, 3784, 3484, 3800, 4091, 3660, 3270, 3345, 2630, 3017, 2890, 3220, 2984, 3203, 2716, 2503, 2921, 2615, 2771, 2569, 2218, 2303, 2475, 2463, 2239, 1812, 2042, 2529, 1985, 1710, 2018, 2008, 2381, 1555, 1724, 1701, 1538, 2010, 1682, 1848, 1310, 1638, 1493, 1306, 1457, 1027, 1186, 1228, 1425, 1213, 1159, 1249, 1093, 840, 1168, 1039, 1160, 740, 659, 1022, 1158, 893, 741, 782, 934, 831, 946, 613, 758, 537, 505, 342, 763, 345, 449, 453, 444, 689, 692, 612, 351, 480, 431, 397, 358, 450, 556, 459, 330, 327, 476, 418, 294, 299, 308, 545, 305, 259, 299, 244, 400, 253, 170, 265, 323, 206, 308, 317, 103, 252, 178, 74, 150, 246, 265, 208, 247, 160, 195, 70, 206, 159, 217, 85, 147, 165, 88, 177, 138, 134, 190, 103, 103, 98, 60, 83, 95, 20, 123, 182, 76, 81, 62, 96, 28, 63, 55, 109, 10, 96, 68, 62, 22, 68, 77, 8, 33, 5, 73, 7, 26, 54, 10, 35, 53, 16, 21, 51, 59, 3, 0, 12, 27, 0, 25, 36, 4, 17, 0, 68, 0, 4, 0, 0, 4, 0, 14, 4, 0, 6, 13, 2, 29, 1, 44, 33, 5, 7, 0, 15, 13, 2, 39, 12, 3, 0, 0, 0, 0, 24, 7, 0, 36, 8, 0, 8, 8, 2, 10, 0, 0, 0, 1, 0, 7, 0, 16, 0, 0, 0, 21, 0, 0, 0, 0, 0, 18, 0, 0, 24, 0, 0, 8, 0, 0, 0, 0, 0, 0, 0, 9, 11, 0, 0, 0, 0, 0, 0, 0, 0, 0, 0, 0, 0, 0, 0, 0, 0, 0, 0, 0, 0, 0, 0, 0, 0, 0, 0, 0, 0, 0, 0, 0, 0, 0, 0, 0, 0, 0, 0, 0, 0, 0, 0, 0, 0, 0, 0, 0, 0, 0, 0, 0, 0, 0, 0, 0, 0, 0, 0, 0, 0, 0, 0, 0, 0, 0, 0, 0, 0, 0, 0, 0, 0, 0, 0, 0, 0, 0, 0, 0, 0, 0, 0, 0, 0, 0, 0, 0, 0, 0, 0, 0, 0, 0, 0, 0, 0, 0, 0, 0, 0, 0, 0, 0, 0, 0, 0, 0, 0, 0, 0, 0, 0, 0, 0, 0, 0, 0, 0, 0, 0, 0, 0, 0, 0, 0, 0, 0, 0, 0, 0, 0, 0, 0, 0, 0, 0, 0, 0, 0, 0, 0, 0, 0, 0, 0, 0, 0, 0, 0, 0, 0, 0, 0, 0, 0, 0, 0, 0, 0, 0, 0, 0, 0, 0, 0, 0, 0, 0, 0, 0, 0, 0, 0, 0, 0, 0, 0, 0, 0, 0, 0, 0, 0, 0, 0, 0, 0, 0, 0, 0, 0, 0, 0, 0, 0, 0, 0, 0, 0, 0, 0, 0, 0, 0, 0, 0, 0, 0, 0, 0, 0, 0, 0, 0, 0, 0, 0, 0, 0, 0, 0, 0, 0, 0, 0, 0, 0, 0, 0, 0, 0, 0, 0, 0, 0, 0, 0, 0, 0, 0, 0, 0, 0, 0, 0, 0, 0, 0, 0, 0, 0, 0, 0, 0, 0, 0, 0, 0, 0, 0, 0, 0, 0, 0, 0, 0, 0, 0, 0, 0, 0, 0, 0, 0, 0, 0, 0, 0, 0, 0, 0, 0, 0, 0, 0, 0, 0, 0, 0, 0, 0, 0, 0, 0, 0, 0, 0, 0, 0, 0, 0, 0, 0, 0, 0, 0, 0, 0, 0, 0, 0, 0, 0, 0, 0, 0, 0, 0, 0, 0, 0, 0, 0, 0, 0, 0, 0, 0, 0, 0, 0, 0, 0, 0, 0, 0, 0, 0, 0, 0, 0, 0, 0, 0, 0, 0, 0, 0, 0, 0, 0, 0, 0, 0, 0, 0, 0, 0, 0, 0, 0, 0, 0, 0, 0, 0, 0, 0, 0, 0, 0, 0, 0, 0, 0, 0, 0, 0, 0, 0, 0, 0, 0, 0, 0, 0, 0, 0, 0, 0, 0, 0, 0, 0, 0, 0, 0, 0, 0, 0, 0, 0, 0, 0, 0, 0, 0, 0, 0, 0, 0, 0, 0, 0, 0, 0, 0, 0, 0, 0, 0, 0, 0, 0, 0, 0, 0, 0, 0, 0, 0, 0, 0, 0, 0, 0, 0, 0, 0, 0, 0, 0, 0, 0, 0, 0, 0, 0, 0, 0, 0, 0, 0, 0, 0, 0, 0, 0, 0, 0, 0, 0, 0, 0, 0, 0, 0, 0, 0, 0, 0, 0, 0, 0, 0, 0, 0, 0, 0, 0, 0, 0, 0, 0, 0, 0, 0, 0, 0, 0, 0, 0, 0, 0, 0, 0, 0, 0, 0, 0, 0, 0, 0, 0, 0, 0, 0, 0, 0, 0, 0, 0, 0, 0, 0, 0, 0, 0, 0, 0, 0, 0, 0, 0, 0, 0, 0, 0, 0, 0, 0, 0, 0, 0, 0, 0, 0, 0, 0, 0, 0, 0, 0, 0, 0, 0, 0, 0, 0, 0, 0, 0, 0, 0, 0, 0, 0, 0, 0, 0, 0, 0, 0, 0, 0, 0, 0, 0, 0, 0, 0, 0, 0, 0, 0, 0, 0, 0, 0, 0, 0, 0, 0, 0, 0, 0, 0, 0, 0, 0, 0, 0, 0, 0, 0, 0, 0, 0, 0, 0, 0, 0, 0, 0, 0, 0, 0, 0, 0, 0, 0, 0, 0, 0, 0, 0, 0, 0, 0, 0, 0, 0, 0, 0, 0, 0, 0, 0, 0, 0, 0, 0, 0, 0, 0, 0, 0, 0, 0, 0, 0, 0, 0, 0, 0, 0, 0, 0, 0, 0, 0, 0, 0, 0, 0, 0, 0, 0, 0, 0, 0, 0, 0, 0, 0, 0, 0, 0, 0, 0, 0, 0, 0, 0, 0, 0, 0, 0, 0, 0, 0, 0, 0, 0, 0, 0, 0, 0, 0, 0, 0, 0, 0, 0, 0, 0, 0, 0, 0, 0, 0, 0, 0, 0, 0, 0, 0, 0, 0, 0, 0, 0, 0, 0, 0, 0, 0, 0, 0, 0, 0, 0, 0, 0, 0, 0, 0, 0, 0, 0, 0, 0, 0, 0, 0, 0, 0, 0, 0, 0, 0, 0, 0, 0, 0, 0, 0, 0, 0, 0, 0, 0, 0, 0, 0, 0, 0, 0, 0, 0, 0, 0, 0, 0, 0, 0, 0, 0, 0, 0, 0, 0, 0, 0, 0, 0, 0, 0, 0, 0, 0, 0, 0, 0, 0, 0, 0, 0, 0, 0, 0, 0, 0, 0, 0, 0, 0, 0, 0, 0, 0, 0, 0, 0, 0, 0, 0, 0, 0, 0, 0, 0, 0, 0, 0, 0, 0, 0, 0, 0, 0, 0, 0, 0, 0, 0, 0, 0, 0, 0, 0, 0, 0, 0, 0, 0, 0, 0, 0, 0, 0, 0, 0, 0, 0, 0, 0, 0, 0, 0, 0, 0, 0, 0, 0, 0, 0, 0, 0, 0, 0, 0, 0, 0, 0, 0, 0, 0, 0, 0, 0, 0, 0, 0, 0, 0, 0, 0, 0, 0, 0, 0, 0, 0, 0, 0, 0, 0, 0, 0, 0, 0, 0, 0, 0, 0, 0, 0, 0, 0, 0, 0, 0, 0, 0, 0, 0, 0, 0, 0, 0, 0, 0, 0, 0, 0, 0, 0, 0, 0, 0, 0, 0, 0, 0, 0, 0, 0, 0, 0, 0, 0, 0, 0, 0, 0, 0, 0, 0, 0, 0, 0, 0, 0, 0, 0, 0, 0, 0, 0, 0, 0, 0, 0, 0, 0, 0, 0, 0, 0, 0, 0, 0, 0, 0, 0, 0, 0, 0, 0, 0, 0, 0, 0, 0, 0, 0, 0, 0, 0, 0, 0, 0, 0, 0, 0, 0, 0, 0, 0, 0, 0, 0, 0, 0, 0, 0, 0, 0, 0, 0, 0, 0, 0, 0, 0, 0, 0, 0, 0, 0, 0, 0, 0, 0, 0, 0, 0, 0, 0, 0, 0, 0, 0, 0, 0]
