n = 100
v = 300
λ = 415.8766324872359
λ_0 = 891.0938675323551 (без учёта столкновений со стенками)
столкновений со стенками за секунду: 34.099333333333334
столкновений между собой за секунду: 14.920666666666667
время: 600
средняя скорость: 265.915057497748
наиболее вероятная скорость: 217.5
P: 166.1964320770137
nmax: 15364
[0, 94, 477, 922, 474, 739, 535, 918, 893, 1105, 1365, 974, 1593, 1736, 1569, 1950, 1724, 1634, 3394, 2496, 2923, 2731, 2019, 2819, 4220, 2654, 3192, 4225, 4187, 3837, 3313, 3469, 4436, 4016, 4820, 5013, 4706, 5107, 4711, 4875, 6293, 4284, 5264, 4622, 4652, 4186, 7066, 5910, 5485, 4726, 6117, 5039, 4700, 6781, 5983, 6654, 7048, 7082, 6449, 7684, 8435, 8078, 7903, 8109, 7754, 7670, 7845, 8767, 7364, 6568, 7590, 8078, 8074, 8722, 8031, 8639, 9684, 8092, 8995, 8366, 8783, 9262, 7753, 7159, 8719, 10122, 7780, 10281, 8905, 9306, 9204, 11075, 9498, 10354, 9529, 10503, 8631, 9950, 9730, 11011, 11919, 9657, 9093, 11121, 11735, 10836, 12701, 11008, 11244, 9187, 11251, 9763, 11481, 12909, 8928, 11367, 11386, 8746, 9234, 12893, 12083, 11858, 11813, 12073, 11558, 12455, 11006, 11574, 11352, 13170, 11811, 11481, 12051, 12235, 12339, 12357, 11614, 10515, 12125, 9722, 10798, 11338, 13390, 13954, 12820, 13255, 13398, 11239, 12893, 12187, 11492, 13224, 15243, 12220, 12301, 12678, 12209, 13396, 14438, 12741, 13334, 11828, 11975, 12711, 11592, 12999, 15177, 13159, 11458, 12114, 12544, 13719, 13253, 14792, 15365, 14376, 13537, 12700, 13661, 13245, 14050, 11550, 14149, 13865, 11360, 11949, 12936, 13331, 13528, 12441, 12621, 12103, 13553, 14792, 13261, 11646, 11992, 13122, 11627, 13571, 11304, 12640, 11957, 12390, 12313, 13518, 12067, 10533, 12816, 12742, 12218, 12124, 12356, 12025, 13537, 11880, 12552, 12003, 14271, 12403, 12190, 11276, 11450, 11211, 13138, 11628, 10890, 11071, 12356, 10323, 12443, 11730, 12755, 11126, 11961, 12044, 11219, 11058, 12729, 11556, 12388, 10107, 10801, 10673, 10270, 12056, 10474, 10443, 9935, 9584, 9508, 9767, 10742, 10396, 9698, 11846, 10063, 9538, 8248, 7989, 9423, 9355, 10611, 10915, 12145, 8815, 8994, 9902, 9911, 9497, 9237, 10330, 9446, 9389, 9228, 7975, 10192, 8266, 8612, 9010, 8170, 7163, 6769, 9082, 8896, 7894, 9554, 7505, 8093, 9679, 8772, 6894, 8292, 9119, 9424, 7960, 7948, 7858, 7453, 8563, 9883, 7554, 7062, 8566, 8036, 6619, 8261, 7390, 6058, 5757, 6481, 6725, 7260, 6586, 8107, 7258, 6433, 7120, 6735, 7765, 7563, 7347, 6663, 6457, 6304, 7199, 5122, 6721, 6894, 5281, 5450, 6098, 6597, 5745, 6249, 4742, 6917, 6107, 6392, 5593, 5439, 5378, 5235, 5612, 4648, 5205, 6427, 5791, 5180, 6058, 5670, 5160, 5257, 5685, 4869, 4814, 3975, 5815, 5558, 4186, 4274, 5025, 4940, 4687, 4634, 4186, 4566, 4006, 4346, 4564, 5008, 4233, 5997, 4314, 4088, 4213, 4816, 4102, 3238, 3338, 4344, 4028, 3873, 4045, 4048, 3936, 3920, 4080, 3973, 4179, 2956, 3459, 3109, 2812, 3268, 2656, 2676, 3434, 3976, 3050, 3559, 2999, 2816, 3544, 2951, 2682, 3044, 2496, 2925, 2242, 2412, 3642, 2791, 2141, 2724, 2755, 2915, 1956, 2549, 2044, 2601, 1895, 2558, 2416, 2221, 2011, 2133, 2459, 2400, 1867, 2239, 2318, 1429, 2497, 1649, 2151, 1814, 1802, 1513, 2467, 2436, 2367, 1812, 1873, 1374, 1979, 1880, 1626, 1143, 1350, 1689, 1260, 2183, 1466, 1248, 1325, 1959, 1486, 1462, 1332, 1292, 1717, 1481, 1623, 1273, 1049, 1488, 1375, 1462, 1405, 1222, 1468, 1311, 1159, 1474, 1459, 983, 1305, 899, 762, 1158, 1032, 1234, 1065, 1034, 1258, 1197, 1240, 1447, 878, 1067, 1108, 752, 962, 998, 943, 652, 858, 512, 771, 958, 787, 739, 641, 727, 801, 759, 851, 686, 553, 839, 624, 615, 468, 634, 481, 703, 1044, 765, 572, 649, 652, 776, 559, 462, 479, 588, 480, 556, 553, 372, 584, 647, 436, 280, 422, 296, 253, 332, 589, 391, 415, 438, 555, 424, 305, 493, 366, 438, 133, 311, 581, 586, 305, 430, 378, 451, 425, 297, 247, 397, 276, 270, 374, 167, 240, 272, 299, 228, 126, 274, 266, 253, 48, 479, 163, 164, 218, 294, 182, 151, 112, 303, 133, 66, 220, 162, 175, 78, 171, 33, 91, 32, 130, 113, 160, 330, 214, 103, 154, 49, 39, 82, 161, 144, 55, 174, 149, 176, 94, 60, 169, 247, 82, 207, 186, 141, 136, 103, 166, 60, 23, 126, 124, 186, 40, 51, 11, 46, 102, 70, 12, 49, 9, 135, 32, 109, 77, 130, 65, 56, 65, 45, 105, 14, 44, 88, 0, 46, 27, 2, 34, 50, 21, 67, 114, 2, 15, 27, 45, 198, 27, 56, 15, 5, 49, 0, 3, 43, 0, 30, 9, 29, 54, 8, 0, 17, 91, 49, 0, 1, 53, 14, 50, 0, 12, 0, 7, 0, 58, 0, 0, 0, 20, 19, 23, 18, 2, 9, 5, 13, 16, 0, 0, 0, 22, 0, 38, 2, 57, 6, 8, 0, 7, 0, 54, 0, 0, 4, 0, 0, 0, 0, 1, 0, 0, 0, 0, 0, 0, 0, 0, 0, 12, 0, 0, 0, 15, 0, 0, 71, 0, 0, 0, 0, 12, 0, 0, 0, 0, 0, 0, 0, 0, 0, 0, 16, 4, 0, 0, 0, 0, 0, 0, 0, 0, 7, 0, 0, 5, 0, 4, 47, 0, 0, 0, 0, 0, 0, 0, 0, 0, 0, 0, 0, 12, 0, 0, 0, 0, 41, 0, 0, 0, 0, 0, 0, 0, 0, 0, 0, 0, 15, 0, 0, 0, 17, 3, 0, 0, 0, 0, 0, 0, 0, 0, 0, 0, 0, 0, 0, 0, 0, 4, 0, 0, 0, 0, 0, 0, 0, 0, 0, 0, 0, 0, 0, 0, 0, 0, 0, 0, 0, 0, 0, 0, 0, 0, 0, 10, 0, 0, 0, 0, 0, 0, 0, 0, 21, 0, 0, 0, 0, 0, 0, 0, 0, 0, 0, 0, 0, 0, 0, 0, 0, 0, 0, 0, 0, 0, 0, 0, 0, 0, 0, 0, 0, 0, 0, 0, 0, 0, 0, 0, 0, 0, 0, 0, 0, 0, 0, 0, 0, 0, 0, 0, 0, 0, 0, 0, 0, 0, 0, 0, 0, 0, 0, 0, 0, 0, 0, 0, 0, 0, 0, 0, 0, 0, 0, 0, 0, 0, 0, 0, 0, 0, 0, 0, 0, 0, 0, 0, 0, 0, 0, 0, 0, 0, 0, 0, 0, 0, 0, 0, 0, 0, 0, 0, 0, 0, 0, 0, 0, 0, 0, 0, 0, 0, 0, 0, 0, 0, 0, 0, 0, 0, 0, 0, 0, 0, 0, 0, 0, 0, 0, 0, 0, 0, 0, 0, 0, 0, 0, 0, 0, 0, 0, 0, 0, 0, 0, 0, 0, 0, 0, 0, 0, 0, 0, 0, 0, 0, 0, 0, 0, 0, 0, 0, 0, 0, 0, 0, 0, 0, 0, 0, 0, 0, 0, 0, 0, 0, 0, 0, 0, 0, 0, 0, 0, 0, 0, 0, 0, 0, 0, 0, 0, 0, 0, 0, 0, 0, 0, 0, 0, 0, 0, 0, 0, 0, 0, 0, 0, 0, 0, 0, 0, 0, 0, 0, 0, 0, 0, 0, 0, 0, 0, 0, 0, 0, 0, 0, 0, 0, 0, 0, 0, 0, 0, 0, 0, 0, 0, 0, 0, 0, 0, 0, 0, 0, 0, 0, 0, 0, 0, 0, 0, 0, 0, 0, 0, 0, 0, 0, 0, 0, 0, 0, 0, 0, 0, 0, 0, 0, 0, 0, 0, 0, 0, 0, 0, 0, 0, 0, 0, 0, 0, 0, 0, 0, 0, 0, 0, 0, 0, 0, 0, 0, 0, 0, 0, 0, 0, 0, 0, 0, 0, 0, 0, 0, 0, 0, 0, 0, 0, 0, 0, 0, 0, 0, 0, 0, 0, 0, 0, 0, 0, 0, 0, 0, 0, 0, 0, 0, 0, 0, 0, 0, 0, 0, 0, 0, 0, 0, 0, 0, 0, 0, 0, 0, 0, 0, 0, 0, 0, 0, 0, 0, 0, 0, 0, 0, 0, 0, 0, 0, 0, 0, 0, 0, 0, 0, 0, 0, 0, 0, 0, 0, 0, 0, 0, 0, 0, 0, 0, 0, 0, 0, 0, 0, 0, 0, 0, 0, 0, 0, 0, 0, 0, 0, 0, 0, 0, 0, 0, 0, 0, 0, 0, 0, 0, 0, 0, 0, 0, 0, 0, 0, 0, 0, 0, 0, 0, 0, 0, 0, 0, 0, 0, 0, 0, 0, 0, 0, 0, 0, 0, 0, 0, 0, 0, 0, 0, 0, 0, 0, 0, 0, 0, 0, 0, 0, 0, 0, 0, 0, 0, 0, 0, 0, 0, 0, 0, 0, 0, 0, 0, 0, 0, 0, 0, 0, 0, 0, 0, 0, 0, 0, 0, 0, 0, 0, 0, 0, 0, 0, 0, 0, 0, 0, 0, 0, 0, 0, 0, 0, 0, 0, 0, 0, 0, 0, 0, 0, 0, 0, 0, 0, 0, 0, 0, 0, 0, 0, 0, 0, 0, 0, 0, 0, 0, 0, 0, 0, 0, 0, 0, 0, 0, 0, 0, 0, 0, 0, 0, 0, 0, 0, 0, 0, 0, 0, 0, 0, 0, 0, 0, 0, 0, 0, 0, 0, 0, 0, 0, 0, 0, 0, 0, 0, 0, 0, 0, 0, 0, 0, 0, 0, 0, 0, 0, 0, 0, 0, 0, 0, 0, 0, 0, 0, 0, 0, 0, 0, 0, 0, 0, 0, 0, 0, 0, 0, 0, 0, 0, 0, 0, 0, 0, 0, 0, 0, 0, 0, 0, 0, 0, 0, 0, 0, 0, 0, 0, 0, 0, 0, 0, 0, 0, 0, 0, 0, 0, 0, 0, 0, 0, 0, 0, 0, 0, 0, 0, 0, 0, 0, 0, 0, 0, 0, 0, 0, 0, 0, 0, 0, 0, 0, 0, 0, 0, 0, 0, 0, 0, 0, 0, 0, 0, 0, 0, 0, 0, 0, 0, 0, 0, 0, 0, 0, 0, 0, 0, 0, 0, 0, 0, 0, 0, 0, 0, 0, 0, 0, 0, 0, 0, 0, 0, 0, 0, 0, 0, 0, 0, 0, 0, 0, 0, 0, 0, 0, 0, 0, 0, 0, 0, 0, 0, 0, 0, 0, 0, 0, 0, 0, 0, 0, 0, 0, 0, 0, 0, 0, 0, 0, 0, 0, 0, 0, 0, 0, 0, 0, 0, 0, 0, 0, 0, 0, 0, 0, 0, 0, 0, 0, 0, 0, 0, 0]
