n = 100
v = 400
λ = 415.963459686223
λ_0 = 890.1441758056061 (без учёта столкновений со стенками)
столкновений со стенками за секунду: 45.54966666666667
столкновений между собой за секунду: 19.978666666666665
время: 600
средняя скорость: 355.6803228593806
наиболее вероятная скорость: 282.5
P: 222.29867217118667
nmax: 11489
[0, 47, 161, 0, 141, 193, 187, 555, 328, 530, 307, 1056, 662, 1144, 545, 806, 919, 1003, 1802, 1890, 950, 1431, 689, 1360, 1323, 1749, 1893, 1791, 1861, 1784, 2272, 1860, 2366, 2827, 1744, 2588, 2032, 2247, 1879, 2149, 2854, 3155, 3432, 3091, 3863, 2385, 2805, 2868, 2972, 3548, 4165, 2352, 3030, 2905, 3392, 2501, 2806, 3668, 4260, 3971, 4230, 4042, 4179, 5096, 4182, 3741, 4731, 2894, 4921, 4532, 3915, 4208, 4639, 4053, 3779, 5376, 5351, 4008, 5324, 5855, 6680, 4591, 5030, 4951, 5372, 5957, 5247, 5193, 6362, 5796, 5198, 6199, 6057, 6136, 5668, 6021, 7448, 7427, 7390, 6141, 5962, 5277, 6649, 5897, 6684, 6622, 6326, 7163, 5320, 7497, 6032, 6223, 7721, 7821, 6965, 6300, 5690, 6537, 7820, 7698, 8120, 5868, 7269, 7150, 8616, 7125, 7185, 8310, 9125, 5448, 7531, 7447, 8451, 6816, 6808, 9498, 8494, 8131, 6747, 6894, 7779, 7997, 9409, 8419, 7515, 8811, 7768, 7254, 8291, 7957, 7314, 7365, 8200, 8592, 8917, 8222, 7709, 9140, 10037, 8783, 9616, 10263, 8237, 9137, 7210, 8533, 9054, 9227, 10363, 8205, 9108, 9277, 8461, 8757, 8443, 10884, 9170, 9948, 9072, 8520, 8968, 8919, 9046, 8798, 9607, 10170, 9521, 11429, 9306, 9857, 8444, 9182, 9636, 10383, 9738, 9923, 8859, 8630, 9562, 9110, 9872, 9731, 9934, 9376, 9789, 8598, 9906, 8861, 10111, 9977, 9296, 9831, 10465, 10577, 10432, 10308, 10030, 9153, 10274, 9059, 10247, 10653, 9596, 9657, 9487, 9287, 11489, 9446, 9138, 9548, 8935, 9135, 9574, 7209, 10396, 10535, 10158, 9845, 9068, 8885, 7600, 9586, 9755, 10099, 10154, 9699, 11311, 8092, 10402, 10016, 9812, 9951, 11078, 10553, 9134, 8415, 8860, 8939, 9868, 10089, 9362, 9759, 10503, 10538, 8411, 8416, 9048, 9272, 10661, 9364, 8527, 8448, 8880, 8854, 10383, 8334, 8102, 7951, 8821, 9533, 8825, 9444, 10586, 8656, 9001, 8811, 8904, 9629, 9262, 8439, 9950, 9057, 9711, 10187, 10213, 8901, 9013, 8431, 7367, 8326, 9148, 8583, 8192, 8278, 7947, 8300, 9003, 8389, 8351, 8951, 8138, 9397, 8416, 7432, 9781, 8642, 9283, 7507, 7515, 8378, 8758, 8136, 8020, 7531, 9026, 8314, 9430, 8716, 8959, 7714, 7241, 8086, 8505, 7446, 7369, 7756, 7090, 8022, 8080, 8848, 8487, 9517, 8122, 6843, 7618, 6451, 7272, 6680, 8461, 7908, 7511, 6680, 6409, 7687, 7335, 6861, 6661, 7351, 8311, 7944, 7578, 6976, 7886, 7341, 6767, 6093, 7388, 6103, 6290, 6626, 7529, 6743, 6144, 6217, 6093, 7017, 7016, 6592, 6836, 6920, 6477, 6127, 7434, 6807, 7240, 7162, 7508, 6499, 7768, 6650, 6784, 6163, 6651, 6524, 7050, 7188, 7102, 5543, 6609, 5187, 6013, 6354, 6045, 4959, 6183, 4982, 5534, 5067, 5878, 6481, 4752, 6119, 5523, 6058, 5667, 5916, 5172, 6032, 5271, 5472, 4704, 4967, 4571, 4967, 4974, 4713, 5138, 4867, 5840, 4874, 5660, 5303, 5139, 4791, 5124, 4916, 5191, 4714, 4957, 4877, 4328, 4785, 4949, 4704, 4504, 4971, 4497, 4356, 5110, 4027, 4881, 4440, 3836, 4622, 4563, 4505, 4194, 4842, 3905, 3839, 4312, 4084, 4659, 3480, 4446, 4160, 4366, 3584, 3925, 3512, 3749, 4337, 3416, 3304, 3876, 3740, 3342, 3408, 3916, 4239, 4017, 2896, 3844, 3720, 3218, 3463, 3781, 3001, 2595, 3575, 3571, 3963, 2555, 3622, 3597, 3656, 2993, 2837, 2778, 2686, 3023, 3642, 3240, 3514, 2703, 3020, 3304, 2690, 3133, 2719, 2233, 2710, 2003, 2759, 2985, 3354, 2714, 3290, 2772, 2526, 2590, 1874, 2530, 2530, 2505, 2744, 2542, 2628, 3063, 2139, 2536, 2713, 2073, 2241, 2307, 2728, 2438, 2827, 2032, 1966, 1443, 2471, 2115, 2018, 2137, 2413, 1983, 1940, 2015, 2149, 1802, 1723, 2568, 2051, 2214, 1994, 2163, 1733, 2251, 1898, 1890, 1983, 2010, 2012, 2111, 1786, 1408, 1845, 1512, 1701, 1640, 1425, 2059, 1753, 1607, 1550, 1574, 1187, 1478, 1458, 1331, 1765, 1797, 1016, 1789, 1553, 1262, 1306, 1606, 1360, 1879, 1562, 1284, 1232, 1026, 1734, 1111, 1245, 992, 1290, 1217, 1437, 1016, 1385, 1124, 771, 1422, 1272, 1155, 1583, 1228, 899, 888, 1215, 1034, 1072, 1164, 1183, 764, 1070, 1152, 1049, 794, 895, 964, 852, 1069, 904, 1013, 617, 682, 776, 906, 652, 790, 957, 720, 573, 844, 704, 753, 952, 856, 751, 770, 695, 595, 770, 513, 832, 639, 550, 545, 922, 645, 717, 754, 511, 504, 632, 408, 668, 634, 634, 988, 941, 589, 551, 365, 479, 627, 538, 713, 673, 376, 484, 524, 514, 583, 416, 537, 523, 456, 631, 547, 593, 434, 325, 588, 327, 382, 361, 504, 477, 420, 539, 506, 293, 554, 254, 469, 390, 266, 193, 375, 238, 339, 266, 265, 672, 162, 270, 364, 334, 212, 270, 353, 328, 308, 290, 400, 378, 311, 224, 355, 254, 253, 170, 270, 314, 164, 259, 121, 330, 111, 181, 214, 311, 496, 168, 322, 255, 265, 249, 81, 331, 267, 228, 222, 197, 198, 207, 244, 223, 155, 150, 158, 241, 82, 91, 105, 201, 233, 103, 177, 62, 131, 174, 438, 44, 256, 140, 111, 306, 62, 160, 147, 212, 49, 100, 104, 61, 141, 57, 83, 49, 52, 101, 76, 119, 140, 7, 239, 125, 11, 135, 30, 126, 42, 104, 32, 60, 13, 113, 64, 36, 13, 99, 69, 166, 72, 44, 85, 78, 62, 68, 100, 35, 40, 52, 89, 102, 27, 38, 59, 137, 112, 0, 91, 95, 65, 26, 36, 74, 68, 34, 121, 5, 26, 86, 18, 111, 111, 0, 36, 52, 58, 0, 95, 82, 38, 74, 96, 28, 77, 24, 8, 19, 0, 0, 7, 16, 0, 2, 46, 20, 20, 74, 28, 59, 0, 64, 37, 17, 9, 63, 180, 11, 0, 2, 0, 56, 0, 30, 29, 65, 41, 35, 31, 3, 2, 16, 0, 33, 7, 13, 0, 0, 43, 23, 0, 0, 2, 13, 14, 26, 0, 2, 8, 0, 7, 0, 0, 38, 4, 3, 35, 0, 0, 0, 16, 7, 12, 5, 0, 0, 19, 10, 0, 0, 0, 0, 13, 20, 34, 0, 0, 5, 5, 0, 1, 7, 0, 16, 24, 0, 0, 11, 0, 25, 0, 0, 8, 0, 0, 70, 0, 0, 0, 14, 0, 0, 0, 6, 0, 0, 0, 0, 19, 0, 0, 19, 0, 0, 14, 0, 0, 0, 0, 0, 0, 0, 0, 5, 0, 0, 0, 0, 0, 0, 0, 0, 0, 0, 0, 0, 0, 10, 2, 0, 0, 0, 0, 19, 0, 0, 0, 0, 3, 0, 0, 0, 0, 0, 0, 0, 0, 0, 0, 0, 0, 0, 0, 0, 0, 0, 0, 0, 0, 0, 0, 0, 0, 0, 0, 0, 0, 0, 0, 0, 2, 0, 0, 0, 0, 0, 0, 0, 0, 0, 0, 0, 21, 0, 0, 0, 0, 0, 0, 0, 0, 0, 0, 0, 0, 0, 0, 0, 0, 0, 0, 0, 0, 0, 0, 0, 0, 0, 0, 0, 0, 0, 0, 0, 0, 0, 0, 0, 0, 0, 0, 0, 0, 29, 0, 0, 0, 0, 0, 0, 0, 0, 0, 0, 0, 0, 0, 0, 0, 0, 0, 0, 0, 0, 0, 0, 0, 0, 0, 0, 0, 0, 0, 0, 0, 0, 0, 0, 0, 0, 0, 0, 0, 0, 0, 0, 0, 0, 0, 0, 0, 0, 0, 0, 0, 0, 0, 0, 0, 0, 0, 0, 0, 0, 0, 0, 0, 0, 0, 0, 0, 0, 0, 0, 0, 0, 0, 0, 0, 0, 0, 0, 0, 0, 0, 0, 0, 0, 0, 0, 0, 0, 0, 0, 0, 0, 0, 0, 0, 0, 0, 0, 0, 0, 0, 0, 0, 0, 0, 0, 0, 0, 0, 0, 0, 0, 0, 0, 0, 0, 0, 0, 0, 0, 0, 0, 0, 0, 0, 0, 0, 0, 0, 0, 0, 0, 0, 0, 0, 0, 0, 0, 0, 0, 0, 0, 0, 0, 0, 0, 0, 0, 0, 0, 0, 0, 0, 0, 0, 0, 0, 0, 0, 0, 0, 0, 0, 0, 0, 0, 0, 0, 0, 0, 0, 0, 0, 0, 0, 0, 0, 0, 0, 0, 0, 0, 0, 0, 0, 0, 0, 0, 0, 0, 0, 0, 0, 0, 0, 0, 0, 0, 0, 0, 0, 0, 0, 0, 0, 0, 0, 0, 0, 0, 0, 0, 0, 0, 0, 0, 0, 0, 0, 0, 0, 0, 0, 0, 0, 0, 0, 0, 0, 0, 0, 0, 0, 0, 0, 0, 0, 0, 0, 0, 0, 0, 0, 0, 0, 0, 0, 0, 0, 0, 0, 0, 0, 0, 0, 0, 0, 0, 0, 0, 0, 0, 0, 0, 0, 0, 0, 0, 0, 0, 0, 0, 0, 0, 0, 0, 0, 0, 0, 0, 0, 0, 0, 0, 0, 0, 0, 0, 0, 0, 0, 0, 0, 0, 0, 0, 0, 0, 0, 0, 0, 0, 0, 0, 0, 0, 0, 0, 0, 0, 0, 0, 0, 0, 0, 0, 0, 0, 0, 0, 0, 0, 0, 0, 0, 0, 0, 0, 0, 0, 0, 0, 0, 0, 0, 0, 0, 0, 0, 0, 0, 0, 0, 0, 0, 0, 0, 0, 0, 0, 0, 0, 0, 0, 0, 0, 0, 0, 0, 0, 0, 0, 0, 0, 0, 0, 0, 0, 0, 0, 0, 0, 0, 0, 0, 0, 0, 0, 0, 0, 0, 0, 0, 0, 0, 0, 0, 0, 0, 0, 0, 0, 0, 0, 0, 0, 0, 0, 0, 0, 0, 0, 0, 0, 0, 0, 0, 0, 0, 0, 0, 0, 0, 0, 0, 0, 0, 0, 0, 0, 0, 0, 0, 0, 0, 0, 0, 0, 0, 0, 0, 0, 0, 0, 0, 0, 0, 0, 0, 0, 0, 0, 0, 0, 0, 0, 0, 0, 0, 0, 0, 0, 0, 0, 0, 0, 0, 0, 0, 0, 0, 0, 0, 0, 0, 0, 0, 0, 0, 0, 0, 0, 0, 0, 0, 0, 0, 0, 0, 0, 0, 0, 0, 0, 0, 0, 0, 0, 0, 0, 0, 0, 0, 0, 0, 0, 0, 0, 0, 0, 0, 0, 0, 0, 0, 0]
