n = 200
v = 400
λ = 282.2414292272054
λ_0 = 442.8260372713526 (без учёта столкновений со стенками)
столкновений со стенками за секунду: 91.15299999999999
столкновений между собой за секунду: 80.10466666666666
время: 600
средняя скорость: 354.72534715746554
наиболее вероятная скорость: 298.75
P: 443.40540133678263
nmax: 21004
[37, 117, 298, 446, 568, 764, 771, 831, 1220, 928, 1107, 2006, 1360, 2054, 2072, 1806, 1986, 2344, 2301, 2759, 3100, 2466, 3022, 3245, 3617, 4082, 4139, 3839, 3729, 4498, 4680, 3920, 4803, 3957, 4524, 4107, 4524, 6086, 5810, 5272, 5846, 5480, 6034, 5768, 5298, 6191, 6034, 6905, 6475, 6079, 7339, 6944, 6078, 8392, 7311, 7502, 6374, 7181, 7551, 8682, 7589, 7798, 8613, 7856, 7755, 9504, 9666, 10528, 8373, 9689, 9668, 9187, 8427, 8328, 8122, 9873, 10558, 9945, 9593, 10010, 9710, 11501, 11200, 11462, 10869, 11877, 11200, 11173, 12202, 10733, 11399, 11568, 11997, 11507, 10907, 13006, 12474, 12755, 13879, 11972, 12189, 12812, 13421, 12099, 13552, 13353, 13439, 13839, 13260, 14028, 13049, 13930, 13997, 14457, 14166, 15519, 14821, 12703, 15023, 15177, 14796, 14583, 14812, 14211, 15462, 14644, 14813, 15604, 16615, 14623, 16512, 15187, 15448, 16425, 15626, 17040, 15790, 16253, 17494, 15918, 15408, 16677, 16328, 16221, 16274, 15464, 15690, 16585, 16562, 17221, 17317, 16169, 17256, 18170, 16644, 17708, 17802, 16667, 17058, 16217, 16140, 18251, 16318, 18290, 17691, 19009, 17766, 18586, 18046, 18642, 18274, 17783, 18144, 18429, 16202, 18036, 18622, 16022, 18164, 17889, 18278, 18923, 19924, 17849, 18869, 17775, 18752, 18407, 18851, 19559, 19080, 18265, 19316, 18554, 19286, 18125, 18634, 19322, 19394, 18515, 19086, 19976, 19247, 20211, 20106, 20108, 18677, 19542, 19612, 20620, 18665, 18364, 19621, 19088, 20159, 19296, 19403, 19585, 17520, 19708, 18441, 19929, 19951, 19129, 18281, 18633, 19227, 18532, 17807, 19054, 19378, 19905, 20934, 18052, 18627, 19792, 20196, 17290, 18636, 21005, 19694, 18551, 19215, 18868, 18890, 20189, 19217, 19179, 18151, 18440, 19560, 19393, 18516, 19063, 20375, 20061, 19404, 19924, 19244, 18850, 18358, 18739, 18580, 18446, 18945, 18929, 19340, 18319, 18776, 18646, 19323, 17977, 18221, 19221, 18920, 19204, 17537, 18148, 18585, 17919, 17463, 18906, 18063, 19244, 18033, 17461, 17279, 17427, 17806, 18491, 19167, 17687, 16689, 18034, 18511, 16382, 18070, 17999, 16395, 16653, 17790, 17643, 17396, 16666, 18061, 16359, 17301, 16310, 17211, 16585, 17662, 17342, 16451, 18094, 15485, 16690, 18219, 16509, 18042, 15791, 17307, 16663, 15533, 16898, 17712, 15333, 16224, 15721, 16855, 16446, 14724, 16847, 16802, 16819, 15067, 15656, 15183, 15858, 14974, 15036, 15217, 14879, 15202, 14818, 14844, 15408, 15150, 15416, 16974, 15016, 15221, 12843, 14239, 13570, 15227, 15196, 14884, 13660, 13837, 14740, 13661, 14965, 14364, 14108, 13474, 14468, 13981, 14827, 13265, 14396, 14443, 13785, 13718, 12957, 12110, 13538, 13998, 14065, 13642, 13040, 13324, 13163, 13654, 13165, 12940, 12718, 13333, 11851, 12674, 12741, 11940, 11956, 11817, 12037, 11611, 11589, 12074, 11948, 12525, 11695, 11471, 11887, 11446, 12938, 11753, 11220, 11309, 11711, 11340, 11706, 11508, 11493, 10852, 11316, 11481, 11783, 11429, 10720, 10804, 11040, 11081, 9829, 10212, 10462, 9951, 10991, 10782, 9486, 9133, 9951, 11214, 9534, 10127, 9728, 9661, 10155, 10135, 9866, 9572, 9812, 9023, 9798, 8664, 9760, 9780, 7909, 9492, 8953, 9218, 9726, 7897, 9004, 8974, 8414, 8007, 8704, 8236, 7746, 8319, 8062, 8179, 8342, 7812, 7860, 8220, 8815, 7629, 7624, 7737, 7929, 7339, 7891, 7227, 8086, 7555, 7391, 7292, 7054, 7562, 7383, 6615, 7190, 6638, 7500, 7285, 6645, 6675, 6605, 6660, 7385, 7413, 6937, 6618, 6936, 6380, 7139, 6520, 5844, 5612, 6332, 5871, 6419, 6886, 5620, 6683, 6035, 6131, 5931, 5731, 5601, 5606, 5902, 5525, 5505, 5591, 5521, 5695, 5798, 5215, 5446, 4872, 4727, 4808, 4839, 5011, 4625, 5119, 4868, 4302, 5042, 4914, 4258, 4677, 4798, 4880, 4346, 4412, 4483, 4206, 4269, 4903, 5014, 4292, 4484, 4120, 4432, 3878, 3618, 3882, 4118, 4103, 3678, 4096, 4191, 3895, 3713, 3831, 3642, 4369, 4073, 4151, 3685, 3374, 3207, 3478, 3508, 3244, 3537, 3509, 3972, 3233, 3367, 3201, 2875, 3097, 3300, 3001, 3414, 2522, 2761, 3108, 3082, 3024, 2711, 2476, 2960, 2956, 2860, 2434, 2682, 2923, 2949, 2717, 2516, 2316, 2617, 2775, 2493, 2908, 2225, 2483, 2091, 2278, 2764, 2474, 1811, 1990, 2343, 2210, 2164, 2043, 1938, 2658, 2544, 2315, 2217, 2551, 2004, 1752, 1920, 2082, 2501, 1791, 2402, 1900, 2140, 1679, 1583, 1654, 1815, 1404, 1564, 1720, 1710, 1891, 1871, 2317, 1603, 1692, 1449, 1498, 1797, 1662, 1513, 1792, 1832, 1690, 1419, 1090, 1347, 1338, 1136, 1448, 932, 1311, 1301, 1521, 1010, 1417, 1292, 1322, 1063, 1131, 1190, 1167, 1105, 1347, 1371, 1022, 1236, 1161, 1369, 932, 1381, 1009, 1271, 1019, 1052, 1206, 1029, 1010, 1007, 905, 913, 1190, 1162, 1112, 983, 968, 914, 749, 871, 1048, 691, 647, 888, 722, 1011, 767, 724, 803, 668, 803, 867, 680, 906, 657, 980, 867, 677, 713, 530, 758, 799, 614, 873, 704, 581, 667, 822, 754, 682, 571, 732, 641, 578, 727, 656, 558, 561, 546, 527, 372, 587, 499, 471, 409, 497, 538, 503, 290, 540, 443, 492, 609, 473, 464, 358, 429, 428, 414, 396, 485, 402, 421, 390, 328, 359, 298, 350, 313, 346, 488, 380, 334, 430, 398, 354, 226, 332, 310, 218, 273, 306, 443, 276, 377, 207, 419, 338, 284, 220, 337, 175, 239, 213, 259, 224, 287, 329, 122, 161, 235, 286, 251, 119, 291, 186, 204, 163, 200, 277, 260, 177, 220, 138, 214, 187, 179, 216, 86, 188, 322, 238, 129, 193, 190, 98, 220, 193, 157, 231, 95, 128, 159, 212, 83, 165, 158, 92, 130, 147, 114, 192, 102, 180, 128, 118, 157, 36, 72, 105, 133, 80, 133, 96, 90, 124, 78, 78, 118, 112, 174, 161, 141, 125, 91, 125, 163, 63, 103, 100, 103, 53, 86, 41, 42, 96, 67, 45, 91, 36, 18, 46, 62, 96, 77, 65, 88, 28, 41, 94, 81, 143, 110, 86, 40, 18, 87, 146, 69, 44, 46, 3, 22, 62, 7, 28, 32, 41, 29, 18, 117, 29, 23, 70, 52, 34, 39, 4, 25, 37, 12, 20, 21, 21, 74, 80, 41, 50, 26, 34, 32, 1, 39, 42, 45, 34, 17, 9, 25, 56, 14, 33, 6, 69, 34, 17, 30, 7, 23, 0, 22, 8, 39, 35, 45, 37, 0, 8, 2, 24, 4, 17, 17, 8, 5, 35, 5, 44, 0, 2, 0, 23, 6, 4, 7, 8, 12, 16, 19, 14, 26, 22, 16, 0, 0, 19, 7, 6, 31, 5, 13, 0, 0, 8, 0, 8, 19, 24, 23, 11, 24, 22, 19, 6, 8, 25, 0, 0, 10, 7, 0, 29, 12, 15, 6, 0, 2, 3, 0, 4, 9, 16, 19, 0, 13, 17, 0, 0, 0, 0, 11, 0, 0, 5, 0, 5, 2, 21, 0, 0, 0, 1, 0, 0, 0, 0, 0, 0, 0, 10, 5, 3, 0, 0, 0, 5, 0, 0, 1, 7, 0, 0, 3, 0, 0, 0, 0, 0, 0, 6, 0, 0, 18, 0, 0, 0, 0, 4, 0, 0, 0, 0, 0, 1, 0, 0, 0, 0, 1, 0, 0, 0, 0, 0, 0, 0, 0, 0, 4, 0, 0, 0, 0, 0, 0, 0, 0, 0, 0, 0, 0, 1, 0, 0, 0, 0, 0, 0, 0, 0, 0, 0, 0, 0, 0, 0, 2, 0, 0, 0, 0, 0, 0, 0, 0, 0, 0, 0, 0, 0, 0, 0, 0, 0, 0, 0, 0, 0, 0, 0, 0, 0, 0, 0, 0, 0, 0, 0, 0, 0, 0, 0, 0, 0, 0, 0, 0, 0, 0, 0, 0, 0, 0, 0, 0, 0, 0, 0, 0, 0, 0, 0, 0, 0, 0, 0, 0, 0, 0, 0, 0, 0, 0, 0, 0, 0, 0, 0, 0, 0, 0, 0, 0, 0, 0, 0, 0, 0, 0, 0, 0, 0, 0, 0, 0, 0, 0, 0, 0, 0, 0, 0, 0, 0, 0, 0, 0, 0, 0, 0, 0, 0, 0, 0, 0, 0, 0, 0, 0, 0, 0, 0, 0, 0, 0, 0, 0, 0, 0, 0, 0, 0, 0, 0, 0, 0, 0, 0, 0, 0, 0, 0, 0, 0, 0, 0, 0, 0, 0, 0, 0, 0, 0, 0, 0, 0, 0, 0, 0, 0, 0, 0, 0, 0, 0, 0, 0, 0, 0, 0, 0, 0, 0, 0, 0, 0, 0, 0, 0, 0, 0, 0, 0, 0, 0, 0, 0, 0, 0, 0, 0, 0, 0, 0, 0, 0, 4, 0, 1, 0, 0, 0, 0, 0, 0, 0, 0, 0, 0, 0, 0, 0, 0, 0, 0, 0, 0, 0, 0, 0, 0, 0, 0, 0, 0, 0, 0, 0, 0, 0, 0, 0, 0, 0, 0, 0, 0, 0, 0, 0, 0, 0, 0, 0, 0, 0, 0, 0, 0, 0, 0, 0, 0, 0, 0, 0, 0, 0, 0, 0, 0, 0, 0, 0, 0, 0, 0, 0, 0, 0, 0, 0, 0, 0, 0, 0, 0, 0, 0, 0, 0, 0, 0, 0, 0, 0, 0, 0, 0, 0, 0, 0, 0, 0, 0, 0, 0, 0, 0, 0, 0, 0, 0, 0, 0, 0, 0, 0, 0, 0, 0, 0, 0, 0, 0, 0, 0, 0, 0, 0, 0, 0, 0, 0, 0, 0, 0, 0, 0, 0, 0, 0, 0, 0, 0, 0, 0, 0, 0, 0, 0, 0, 0, 0, 0, 0, 0, 0, 0, 0, 0, 0, 0, 0, 0, 0, 0, 0, 0, 0, 0, 0, 0, 0, 0, 0, 0, 0, 0, 0, 0, 0, 0, 0, 0, 0, 0, 0, 0, 0, 0, 0, 0, 0, 0, 0, 0, 0, 0, 0, 0, 0, 0, 0, 0, 0, 0, 0, 0, 0, 0, 0, 0, 0, 0, 0, 0, 0, 0, 0, 0, 0, 0, 0, 0, 0, 0, 0, 0, 0, 0, 0, 0, 0, 0, 0, 0, 0, 0, 0, 0, 0, 0, 0, 0, 0, 0, 0, 0, 0, 0, 0, 0, 0, 0, 0, 0, 0, 0, 0, 0, 0, 0, 0, 0, 0, 0, 0, 0, 0, 0, 0, 0, 0, 0, 0, 0, 0, 0, 0, 0, 0, 0, 0, 0, 0, 0, 0, 0, 0, 0, 0, 0, 0, 0, 0, 0, 0]
