n = 200
v = 300
λ = 281.9688801876752
λ_0 = 442.1460642185602 (без учёта столкновений со стенками)
столкновений со стенками за секунду: 68.37366666666667
столкновений между собой за секунду: 60.181
время: 600
средняя скорость: 266.0886340879622
наиболее вероятная скорость: 230.0
P: 332.6099036342147
nmax: 29633
[9, 201, 350, 1023, 797, 1345, 1558, 1544, 1882, 2060, 2874, 2280, 3536, 3330, 3547, 5210, 3240, 4889, 3968, 4640, 4934, 5454, 5596, 5830, 6223, 5815, 6450, 7214, 7495, 7400, 7409, 7161, 6275, 6807, 8133, 8024, 8733, 10210, 10294, 8833, 9949, 11297, 10087, 10844, 10584, 11783, 11784, 11040, 10761, 11275, 12379, 11531, 11540, 12181, 13346, 12628, 12354, 12697, 12355, 14827, 14521, 13003, 13274, 14119, 15387, 14257, 15179, 14893, 16983, 14230, 16117, 15398, 17909, 14661, 16654, 15979, 16767, 17192, 17685, 16536, 19756, 18252, 16593, 17180, 19485, 17831, 17118, 18580, 19617, 20316, 17310, 19011, 18466, 19435, 20372, 18797, 20196, 20288, 21474, 21403, 22269, 23871, 22168, 20963, 23190, 22508, 21527, 21034, 22860, 21856, 21319, 23411, 22588, 22444, 22575, 23791, 21616, 22762, 24247, 23799, 22782, 23412, 23017, 24217, 25881, 22655, 22698, 24706, 23889, 22608, 24704, 22257, 25106, 26666, 25034, 25319, 25183, 23797, 26316, 26014, 26542, 28084, 25520, 25602, 26760, 24992, 27957, 25741, 25901, 23596, 26940, 23967, 27320, 23488, 26232, 26959, 26562, 25931, 24840, 24793, 24797, 26424, 23805, 25930, 23889, 24205, 25995, 25699, 24546, 23777, 25665, 24711, 24552, 27219, 27107, 26288, 24935, 23041, 25292, 25273, 23962, 24272, 25050, 25888, 29635, 25884, 24387, 25345, 24908, 23946, 25639, 23973, 25689, 24268, 27233, 25054, 24802, 25255, 25214, 25121, 24729, 23958, 24626, 25256, 26080, 24312, 23689, 24072, 24527, 23976, 23886, 23405, 22803, 24706, 23582, 23382, 24927, 23665, 21268, 23241, 22212, 25459, 24405, 22146, 21229, 22458, 21632, 23249, 22990, 22173, 23860, 22676, 22983, 24885, 23605, 23236, 22836, 23056, 22989, 22498, 21902, 23039, 21958, 21686, 21123, 22691, 22510, 21065, 20928, 21196, 20308, 21907, 21097, 22274, 21236, 20601, 21042, 21973, 20310, 20714, 20690, 21153, 20556, 21359, 18101, 19035, 20692, 21263, 18260, 19052, 17675, 19084, 20695, 19223, 17528, 18392, 18636, 20371, 17075, 17593, 18319, 18401, 18271, 18185, 18754, 17238, 16898, 17373, 17249, 18655, 18242, 16559, 17759, 16043, 15990, 16458, 16470, 16361, 16885, 15476, 15375, 15123, 16621, 16084, 14791, 15202, 14333, 16136, 14475, 14832, 14798, 14995, 14144, 13945, 13397, 14885, 13819, 12304, 13033, 12671, 12370, 12558, 13152, 13507, 13020, 13030, 12296, 12340, 12661, 12969, 13497, 11626, 11689, 12361, 11835, 12737, 12023, 11461, 11155, 11129, 10964, 11406, 11032, 11293, 11751, 11107, 10253, 11215, 10307, 10360, 10842, 10831, 9912, 9827, 9741, 9666, 9607, 9037, 10408, 10406, 10091, 9657, 9232, 8139, 9296, 9181, 9526, 9107, 9022, 9368, 8163, 8305, 8041, 9069, 8974, 7879, 8175, 8736, 8271, 7853, 8384, 7428, 7202, 8178, 7813, 7044, 7509, 7476, 6621, 7523, 7266, 6299, 7639, 6650, 6450, 6642, 6439, 5913, 6636, 5934, 6977, 5186, 5461, 6179, 5688, 5378, 5496, 5728, 5683, 5742, 5397, 5401, 5975, 6324, 5445, 5580, 5358, 4608, 5429, 5292, 4415, 5021, 5509, 4348, 5017, 4620, 4433, 4628, 4052, 4172, 3964, 4540, 4256, 4726, 3478, 4186, 4109, 3573, 3903, 4606, 3472, 3986, 3788, 3693, 3998, 3405, 3764, 3869, 3668, 3067, 3154, 3428, 3610, 3441, 3267, 3159, 3004, 3086, 3258, 3031, 3277, 2855, 2766, 2837, 2821, 2712, 1957, 2720, 2711, 2243, 2662, 2313, 2346, 2229, 2463, 3018, 2568, 1889, 2766, 1847, 1945, 1732, 2163, 2343, 1947, 2450, 2036, 1884, 2112, 1806, 2296, 2082, 2081, 1651, 1553, 1920, 2045, 1690, 1554, 1774, 1927, 1335, 1228, 1266, 1780, 1284, 1470, 1522, 1344, 1133, 1494, 1218, 1253, 1303, 1361, 1038, 1600, 1110, 1226, 1019, 1297, 1213, 1002, 1129, 1216, 1205, 901, 1020, 950, 921, 942, 1077, 991, 744, 638, 781, 528, 752, 813, 958, 1031, 880, 764, 772, 783, 933, 704, 1035, 870, 757, 537, 672, 767, 708, 520, 619, 523, 489, 612, 603, 660, 533, 666, 719, 389, 717, 499, 346, 494, 522, 301, 325, 435, 589, 683, 480, 365, 556, 656, 495, 348, 304, 436, 498, 274, 407, 233, 441, 395, 223, 417, 317, 245, 265, 407, 418, 227, 271, 195, 216, 265, 212, 300, 204, 308, 291, 210, 257, 311, 133, 130, 219, 305, 139, 184, 111, 209, 134, 127, 235, 87, 164, 117, 164, 176, 77, 165, 164, 270, 147, 91, 175, 145, 144, 164, 36, 164, 97, 44, 77, 76, 149, 102, 75, 88, 44, 143, 183, 111, 71, 136, 43, 107, 42, 131, 72, 167, 85, 63, 77, 29, 83, 52, 61, 48, 101, 79, 38, 148, 77, 14, 21, 57, 50, 34, 73, 43, 33, 29, 23, 37, 53, 62, 27, 81, 6, 38, 63, 37, 37, 42, 51, 30, 9, 14, 68, 50, 15, 21, 70, 29, 70, 38, 8, 4, 10, 31, 5, 5, 0, 3, 22, 36, 0, 43, 20, 17, 38, 56, 9, 32, 13, 27, 0, 19, 16, 3, 0, 58, 60, 7, 27, 5, 17, 17, 6, 0, 6, 0, 0, 32, 15, 2, 6, 21, 5, 0, 17, 29, 11, 12, 10, 0, 0, 32, 6, 0, 16, 12, 24, 44, 1, 16, 12, 0, 14, 1, 2, 2, 8, 0, 13, 4, 0, 18, 22, 2, 0, 0, 2, 5, 14, 16, 0, 12, 0, 0, 0, 0, 0, 34, 0, 0, 11, 0, 0, 6, 0, 14, 0, 0, 0, 12, 0, 0, 0, 0, 0, 0, 0, 0, 0, 0, 0, 0, 0, 0, 0, 0, 4, 0, 0, 0, 0, 3, 0, 0, 0, 0, 0, 0, 0, 12, 0, 2, 0, 0, 0, 0, 1, 0, 7, 0, 0, 0, 0, 0, 0, 0, 0, 0, 0, 0, 0, 0, 0, 7, 0, 0, 0, 0, 0, 0, 0, 0, 0, 0, 0, 0, 0, 0, 0, 0, 0, 0, 0, 0, 0, 0, 0, 0, 0, 0, 0, 0, 0, 0, 0, 0, 0, 0, 0, 0, 0, 0, 0, 0, 0, 0, 0, 0, 0, 0, 0, 0, 0, 0, 0, 0, 0, 0, 0, 0, 0, 0, 0, 0, 0, 0, 0, 0, 0, 0, 0, 0, 0, 0, 0, 0, 0, 0, 0, 0, 0, 0, 0, 0, 0, 0, 0, 0, 0, 0, 0, 0, 0, 0, 0, 0, 0, 0, 0, 0, 0, 0, 0, 0, 0, 0, 0, 0, 0, 0, 0, 0, 0, 0, 0, 0, 0, 0, 0, 0, 0, 0, 0, 0, 0, 0, 0, 0, 0, 0, 0, 0, 0, 0, 0, 0, 0, 0, 0, 0, 0, 0, 0, 0, 0, 0, 0, 0, 0, 0, 0, 0, 0, 0, 0, 0, 0, 0, 0, 0, 0, 0, 0, 0, 0, 0, 0, 0, 0, 0, 0, 0, 0, 0, 0, 0, 0, 0, 0, 0, 0, 0, 0, 0, 0, 0, 0, 0, 0, 0, 0, 0, 0, 0, 0, 0, 0, 0, 0, 0, 0, 0, 0, 0, 0, 0, 0, 0, 0, 0, 0, 0, 0, 0, 0, 0, 0, 0, 0, 0, 0, 0, 0, 0, 0, 0, 0, 0, 0, 0, 0, 0, 0, 0, 0, 0, 0, 0, 0, 0, 0, 0, 0, 0, 0, 0, 0, 0, 0, 0, 0, 0, 0, 0, 0, 0, 0, 0, 0, 0, 0, 0, 0, 0, 0, 0, 0, 0, 0, 0, 0, 0, 0, 0, 0, 0, 0, 0, 0, 0, 0, 0, 0, 0, 0, 0, 0, 0, 0, 0, 0, 0, 0, 0, 0, 0, 0, 0, 0, 0, 0, 0, 0, 0, 0, 0, 0, 0, 0, 0, 0, 0, 0, 0, 0, 0, 0, 0, 0, 0, 0, 0, 0, 0, 0, 0, 0, 0, 0, 0, 0, 0, 0, 0, 0, 0, 0, 0, 0, 0, 0, 0, 0, 0, 0, 0, 0, 0, 0, 0, 0, 0, 0, 0, 0, 0, 0, 0, 0, 0, 0, 0, 0, 0, 0, 0, 0, 0, 0, 0, 0, 0, 0, 0, 0, 0, 0, 0, 0, 0, 0, 0, 0, 0, 0, 0, 0, 0, 0, 0, 0, 0, 0, 0, 0, 0, 0, 0, 0, 0, 0, 0, 0, 0, 0, 0, 0, 0, 0, 0, 0, 0, 0, 0, 0, 0, 0, 0, 0, 0, 0, 0, 0, 0, 0, 0, 0, 0, 0, 0, 0, 0, 0, 0, 0, 0, 0, 0, 0, 0, 0, 0, 0, 0, 0, 0, 0, 0, 0, 0, 0, 0, 0, 0, 0, 0, 0, 0, 0, 0, 0, 0, 0, 0, 0, 0, 0, 0, 0, 0, 0, 0, 0, 0, 0, 0, 0, 0, 0, 0, 0, 0, 0, 0, 0, 0, 0, 0, 0, 0, 0, 0, 0, 0, 0, 0, 0, 0, 0, 0, 0, 0, 0, 0, 0, 0, 0, 0, 0, 0, 0, 0, 0, 0, 0, 0, 0, 0, 0, 0, 0, 0, 0, 0, 0, 0, 0, 0, 0, 0, 0, 0, 0, 0, 0, 0, 0, 0, 0, 0, 0, 0, 0, 0, 0, 0, 0, 0, 0, 0, 0, 0, 0, 0, 0, 0, 0, 0, 0, 0, 0, 0, 0, 0, 0, 0, 0, 0, 0, 0, 0, 0, 0, 0, 0, 0, 0, 0, 0, 0, 0, 0, 0, 0, 0, 0, 0, 0, 0, 0, 0, 0, 0, 0, 0, 0, 0, 0, 0, 0, 0, 0, 0, 0, 0, 0, 0, 0, 0, 0, 0, 0, 0, 0, 0, 0, 0, 0, 0, 0, 0, 0, 0, 0, 0, 0, 0, 0, 0, 0, 0, 0, 0, 0, 0, 0, 0, 0, 0, 0, 0, 0, 0, 0, 0, 0, 0, 0, 0, 0, 0, 0, 0, 0, 0, 0, 0, 0, 0, 0, 0, 0, 0, 0, 0, 0, 0, 0, 0, 0, 0, 0, 0, 0, 0, 0, 0, 0, 0, 0, 0, 0, 0, 0, 0, 0, 0, 0, 0, 0, 0, 0, 0, 0, 0, 0, 0, 0, 0, 0, 0, 0, 0, 0, 0, 0, 0, 0, 0, 0, 0, 0, 0, 0, 0, 0, 0, 0, 0, 0, 0, 0, 0, 0, 0, 0, 0, 0, 0, 0, 0, 0, 0, 0, 0, 0, 0, 0, 0, 0, 0, 0, 0, 0, 0, 0, 0]
