n = 250
v = 250
λ = 242.3124063391497
λ_0 = 352.30837736921694 (без учёта столкновений со стенками)
столкновений со стенками за секунду: 71.39733333333334
столкновений между собой за секунду: 78.64133333333334
время: 600
средняя скорость: 221.64806093692923
наиболее вероятная скорость: 162.5
P: 346.3250067602297
nmax: 41035
[60, 461, 1139, 1331, 1829, 2834, 2896, 3107, 3406, 4519, 4671, 4658, 4477, 5685, 5107, 6366, 5850, 6933, 8693, 7656, 8914, 10086, 8955, 10261, 10537, 11206, 11538, 12504, 12554, 12092, 15126, 11959, 14316, 14682, 13416, 15349, 15376, 14033, 16803, 16479, 18120, 16915, 17855, 19391, 19154, 19470, 19690, 20763, 20151, 20078, 20557, 21856, 23308, 21971, 22308, 23661, 23297, 24828, 23216, 25335, 23666, 27487, 24315, 25954, 25289, 27913, 24448, 26427, 27464, 26650, 27309, 28084, 27588, 27107, 28486, 30714, 30193, 30427, 31440, 28312, 32050, 30192, 29923, 31491, 29464, 31592, 31965, 32299, 33351, 32039, 32451, 33087, 35984, 36702, 34721, 35778, 36018, 34384, 35641, 35693, 35076, 35619, 33753, 35249, 36355, 35508, 34664, 36161, 35179, 38376, 37806, 39123, 35947, 38027, 36136, 38840, 36196, 37798, 38180, 37585, 38245, 38306, 38438, 37391, 38159, 38325, 36815, 38124, 39165, 38967, 41036, 36632, 36739, 38657, 36347, 37879, 38437, 38578, 38811, 39448, 37984, 38936, 38295, 35221, 40465, 39490, 38795, 39320, 39229, 36712, 38066, 38390, 39993, 39680, 35629, 37283, 36761, 36675, 35064, 36554, 39006, 37551, 40572, 35470, 37214, 35728, 38145, 38026, 38560, 38221, 36503, 35990, 37861, 33717, 37306, 36020, 35767, 36685, 37243, 37096, 35729, 34273, 35220, 38188, 35646, 35365, 34904, 36233, 35654, 36445, 32690, 34022, 35760, 35831, 34721, 34076, 32273, 33096, 34848, 33536, 35886, 32235, 33508, 31983, 32803, 33353, 29731, 31888, 31184, 31799, 32048, 30690, 30736, 29962, 31354, 28669, 29727, 29264, 29933, 29342, 30054, 28829, 28787, 27073, 28532, 28782, 28159, 27677, 27959, 27834, 27405, 28885, 28519, 26429, 26558, 26968, 24578, 26683, 26742, 25601, 24990, 24180, 26627, 24940, 24829, 25266, 23806, 24670, 24607, 24175, 24381, 25179, 21577, 22748, 22767, 22486, 22709, 22388, 22177, 21103, 20883, 20924, 20089, 20125, 20469, 19998, 20072, 20556, 21007, 20106, 19745, 20112, 19668, 19514, 19322, 19004, 18790, 17621, 19566, 17341, 17523, 15638, 16368, 17520, 17707, 17025, 15817, 17518, 16551, 16644, 15194, 16560, 14942, 16139, 15102, 14943, 14576, 15459, 13684, 14416, 15135, 14829, 14959, 14881, 13147, 13769, 12725, 13685, 12954, 12886, 12140, 12603, 11219, 12967, 12098, 12308, 11267, 11473, 11344, 11805, 11143, 10416, 10684, 11541, 11075, 11267, 10911, 10578, 10017, 11011, 10142, 10003, 9450, 10154, 9487, 9523, 9212, 9157, 9216, 7882, 8052, 7802, 8410, 7711, 7944, 7686, 7841, 7908, 6858, 8461, 7565, 7517, 6792, 6810, 7099, 7447, 7090, 7402, 6350, 6306, 6191, 5809, 6269, 5865, 5968, 5449, 5478, 5680, 6391, 5025, 6039, 5283, 5102, 5038, 5007, 5665, 4929, 5444, 5132, 4682, 4638, 4433, 4473, 4236, 4109, 3853, 4515, 4111, 3840, 4002, 3429, 4354, 3570, 3798, 3880, 3312, 3826, 3878, 3036, 3479, 3089, 2893, 3188, 2972, 3202, 2952, 3209, 2789, 2772, 2944, 2602, 2882, 2181, 2727, 2553, 2341, 2476, 2463, 2456, 2858, 2615, 2464, 2072, 2385, 2013, 1774, 1786, 2409, 1918, 2067, 2019, 1525, 1799, 1528, 1543, 1579, 1416, 1851, 1686, 1486, 1539, 1589, 1394, 1726, 1459, 1407, 1576, 1459, 1300, 1019, 1458, 1015, 966, 1151, 1279, 1146, 1073, 970, 862, 1120, 934, 1140, 1108, 864, 1028, 841, 576, 1022, 866, 862, 924, 754, 766, 1203, 956, 705, 589, 837, 717, 364, 556, 657, 622, 724, 553, 678, 477, 424, 389, 468, 543, 613, 373, 644, 403, 396, 580, 614, 414, 397, 491, 378, 362, 452, 361, 383, 454, 281, 490, 409, 284, 245, 293, 334, 332, 289, 186, 265, 196, 198, 301, 193, 269, 294, 177, 364, 365, 205, 147, 172, 208, 224, 194, 206, 135, 201, 187, 280, 129, 75, 173, 162, 147, 126, 115, 170, 168, 38, 95, 209, 129, 104, 91, 102, 59, 118, 44, 25, 93, 155, 67, 147, 77, 108, 25, 122, 71, 66, 68, 58, 96, 85, 46, 56, 16, 69, 50, 69, 20, 100, 60, 78, 52, 40, 44, 46, 9, 77, 42, 71, 71, 65, 23, 21, 39, 48, 14, 71, 20, 41, 99, 39, 63, 15, 2, 14, 36, 8, 25, 0, 0, 43, 16, 13, 0, 7, 12, 0, 0, 3, 4, 1, 8, 36, 30, 22, 23, 0, 0, 26, 7, 7, 0, 0, 26, 15, 3, 5, 10, 0, 0, 0, 0, 14, 10, 0, 11, 0, 0, 0, 5, 0, 0, 0, 0, 0, 12, 0, 0, 6, 0, 0, 1, 0, 0, 0, 0, 0, 0, 6, 0, 0, 0, 0, 0, 0, 0, 0, 0, 0, 8, 0, 0, 0, 0, 1, 0, 3, 0, 0, 0, 0, 3, 0, 0, 0, 0, 0, 0, 0, 0, 0, 0, 0, 0, 0, 0, 0, 0, 0, 0, 0, 0, 0, 0, 0, 2, 0, 0, 6, 0, 0, 3, 0, 0, 0, 0, 0, 0, 0, 2, 0, 0, 0, 0, 11, 0, 0, 0, 0, 0, 0, 0, 0, 0, 0, 0, 0, 0, 0, 0, 0, 0, 0, 0, 0, 0, 0, 0, 0, 0, 0, 0, 0, 0, 0, 0, 0, 0, 0, 0, 0, 0, 0, 0, 0, 0, 0, 0, 0, 0, 0, 5, 0, 0, 0, 0, 0, 0, 0, 0, 0, 0, 0, 0, 0, 0, 0, 0, 0, 0, 0, 0, 0, 0, 0, 0, 0, 0, 0, 0, 0, 0, 0, 0, 0, 0, 0, 0, 0, 0, 0, 0, 0, 0, 0, 0, 0, 0, 0, 0, 0, 0, 0, 0, 0, 0, 0, 0, 0, 0, 0, 0, 0, 0, 0, 0, 0, 0, 0, 0, 0, 0, 0, 0, 0, 0, 0, 0, 0, 0, 0, 0, 0, 0, 0, 0, 0, 0, 0, 0, 0, 0, 0, 0, 0, 0, 0, 0, 0, 0, 0, 0, 0, 0, 0, 0, 0, 0, 0, 0, 0, 0, 0, 0, 0, 0, 0, 0, 0, 0, 0, 0, 0, 0, 0, 0, 0, 0, 0, 0, 0, 0, 0, 0, 0, 0, 0, 0, 0, 0, 0, 0, 0, 0, 0, 0, 0, 0, 0, 0, 0, 0, 0, 0, 0, 0, 0, 0, 0, 0, 0, 0, 0, 0, 0, 0, 0, 0, 0, 0, 0, 0, 0, 0, 0, 0, 0, 0, 0, 0, 0, 0, 0, 0, 0, 0, 0, 0, 0, 0, 0, 0, 0, 0, 0, 0, 0, 0, 0, 0, 0, 0, 0, 0, 0, 0, 0, 0, 0, 0, 0, 0, 0, 0, 0, 0, 0, 0, 0, 0, 0, 0, 0, 0, 0, 0, 0, 0, 0, 0, 0, 0, 0, 0, 0, 0, 0, 0, 0, 0, 0, 0, 0, 0, 0, 0, 0, 0, 0, 0, 0, 0, 0, 0, 0, 0, 0, 0, 0, 0, 0, 0, 0, 0, 0, 0, 0, 0, 0, 0, 0, 0, 0, 0, 0, 0, 0, 0, 0, 0, 0, 0, 0, 0, 0, 0, 0, 0, 0, 0, 0, 0, 0, 0, 0, 0, 0, 0, 0, 0, 0, 0, 0, 0, 0, 0, 0, 0, 0, 0, 0, 0, 0, 0, 0, 0, 0, 0, 0, 0, 0, 0, 0, 0, 0, 0, 0, 0, 0, 0, 0, 0, 0, 0, 0, 0, 0, 0, 0, 0, 0, 0, 0, 0, 0, 0, 0, 0, 0, 0, 0, 0, 0, 0, 0, 0, 0, 0, 0, 0, 0, 0, 0, 0, 0, 0, 0, 0, 0, 0, 0, 0, 0, 0, 0, 0, 0, 0, 0, 0, 0, 0, 0, 0, 0, 0, 0, 0, 0, 0, 0, 0, 0, 0, 0, 0, 0, 0, 0, 0, 0, 0, 0, 0, 0, 0, 0, 0, 0, 0, 0, 0, 0, 0, 0, 0, 0, 0, 0, 0, 0, 0, 0, 0, 0, 0, 0, 0, 0, 0, 0, 0, 0, 0, 0, 0, 0, 0, 0, 0, 0, 0, 0, 0, 0, 0, 0, 0, 0, 0, 0, 0, 0, 0, 0, 0, 0, 0, 0, 0, 0, 0, 0, 0, 0, 0, 0, 0, 0, 0, 0, 0, 0, 0, 0, 0, 0, 0, 0, 0, 0, 0, 0, 0, 0, 0, 0, 0, 0, 0, 0, 0, 0, 0, 0, 0, 0, 0, 0, 0, 0, 0, 0, 0, 0, 0, 0, 0, 0, 0, 0, 0, 0, 0, 0, 0, 0, 0, 0, 0, 0, 0, 0, 0, 0, 0, 0, 0, 0, 0, 0, 0, 0, 0, 0, 0, 0, 0, 0, 0, 0, 0, 0, 0, 0, 0, 0, 0, 0, 0, 0, 0, 0, 0, 0, 0, 0, 0, 0, 0, 0, 0, 0, 0, 0, 0, 0, 0, 0, 0, 0, 0, 0, 0, 0, 0, 0, 0, 0, 0, 0, 0, 0, 0, 0, 0, 0, 0, 0, 0, 0, 0, 0, 0, 0, 0, 0, 0, 0, 0, 0, 0, 0, 0, 0, 0, 0, 0, 0, 0, 0, 0, 0, 0, 0, 0, 0, 0, 0, 0, 0, 0, 0, 0, 0, 0, 0, 0, 0, 0, 0, 0, 0, 0, 0, 0, 0, 0, 0, 0, 0, 0, 0, 0, 0, 0, 0, 0, 0, 0, 0, 0, 0, 0, 0, 0, 0, 0, 0, 0, 0, 0, 0, 0, 0, 0, 0, 0, 0, 0, 0, 0, 0, 0, 0, 0, 0, 0, 0, 0, 0, 0, 0, 0, 0, 0, 0, 0, 0, 0, 0, 0, 0, 0, 0, 0, 0, 0, 0, 0, 0, 0, 0, 0, 0, 0, 0, 0, 0, 0, 0, 0, 0, 0, 0, 0, 0, 0, 0, 0, 0, 0, 0, 0, 0, 0, 0, 0, 0, 0, 0, 0, 0, 0, 0, 0, 0, 0, 0, 0, 0, 0, 0, 0, 0, 0, 0, 0, 0, 0, 0, 0, 0, 0, 0, 0, 0, 0, 0, 0, 0, 0, 0, 0, 0, 0, 0, 0, 0, 0, 0, 0, 0, 0, 0, 0, 0, 0, 0, 0, 0, 0, 0, 0, 0, 0, 0, 0, 0, 0, 0, 0, 0, 0, 0, 0, 0, 0, 0, 0, 0, 0, 0, 0, 0, 0, 0, 0, 0, 0, 0, 0, 0, 0, 0, 0, 0, 0, 0]
