n = 150
v = 300
λ = 335.5735456031061
λ_0 = 589.430714379242 (без учёта столкновений со стенками)
столкновений со стенками за секунду: 51.191
столкновений между собой за секунду: 33.83466666666667
время: 600
средняя скорость: 265.9106044626749
наиболее вероятная скорость: 221.25
P: 249.28989680146074
nmax: 21455
[0, 112, 288, 708, 552, 1311, 1149, 1741, 1206, 1342, 1666, 1237, 2054, 2031, 2568, 3246, 2579, 3276, 3827, 3233, 4883, 3783, 3072, 3672, 3968, 4846, 5115, 5152, 4765, 5066, 5921, 6360, 5288, 6020, 6263, 8424, 6662, 6001, 7070, 7322, 7098, 7810, 6581, 6323, 7887, 7456, 8109, 9171, 8855, 9907, 9668, 8675, 9370, 10139, 10134, 9112, 10254, 8847, 10091, 10026, 9513, 9987, 9123, 11126, 10113, 10993, 13061, 10473, 13243, 11153, 12427, 11815, 13040, 12254, 12871, 13173, 14134, 11290, 13697, 13107, 12608, 15319, 13349, 12912, 13847, 13717, 14048, 14661, 13598, 13015, 15754, 16801, 16618, 16054, 14946, 15235, 14102, 15388, 15293, 14967, 14857, 17443, 15833, 15069, 16111, 15719, 15160, 18116, 14464, 14782, 16460, 17316, 16315, 17688, 18264, 16976, 18891, 17210, 17938, 17091, 18167, 17296, 18997, 16911, 18359, 16370, 17788, 16559, 18567, 17789, 18600, 18957, 19769, 19022, 18083, 16387, 19043, 19839, 17899, 19964, 18420, 17480, 19720, 18550, 17353, 18165, 20499, 19419, 19470, 20106, 18270, 18153, 17503, 17121, 19888, 19728, 19425, 19478, 20267, 18433, 19741, 17591, 17828, 18265, 17397, 21140, 19490, 21268, 19065, 19090, 20736, 17579, 20824, 18747, 21158, 19128, 18455, 21455, 19186, 18611, 18234, 19698, 19980, 19647, 18140, 20096, 19288, 18377, 20008, 20239, 19974, 20815, 19876, 19074, 19514, 20122, 20534, 17556, 19258, 17577, 19320, 17696, 17647, 19869, 20086, 20067, 16725, 20823, 17541, 18213, 20145, 18990, 18968, 19246, 17902, 18758, 17730, 18552, 16900, 17986, 18677, 16548, 17894, 18700, 18626, 17534, 16813, 18662, 14990, 18819, 17561, 16536, 17599, 18062, 15189, 16174, 16667, 16148, 15520, 16819, 15791, 16961, 15142, 17507, 14600, 15016, 16275, 17014, 16464, 16594, 18032, 15047, 14609, 15595, 15095, 16807, 16061, 15071, 14485, 16048, 15278, 15415, 15543, 15610, 13702, 15774, 14127, 15196, 15013, 13760, 15278, 14619, 14357, 13905, 12761, 12696, 14581, 14302, 14392, 12794, 12733, 13812, 12442, 13570, 13012, 11194, 11775, 12517, 12506, 11153, 12785, 12310, 13033, 11972, 13829, 12446, 12201, 11628, 12249, 10432, 11038, 11581, 11167, 12373, 10954, 12253, 10591, 11819, 10939, 11348, 12394, 11726, 10588, 11353, 10451, 9523, 9906, 8968, 10081, 9891, 9935, 9229, 10363, 9555, 8997, 9707, 9702, 10359, 10210, 8735, 9685, 9713, 8182, 9324, 9743, 9841, 7959, 8379, 8775, 9009, 8898, 8034, 8394, 7639, 8871, 8656, 8600, 7995, 7897, 6537, 7049, 7988, 6931, 7878, 7868, 7350, 6006, 7071, 6295, 6959, 6596, 7100, 6273, 6733, 6686, 7682, 6095, 6385, 5789, 7113, 6963, 5403, 5546, 5404, 6343, 5989, 5409, 5485, 5259, 6214, 5720, 6212, 6090, 5653, 5577, 6001, 5002, 5318, 5466, 5607, 5575, 4732, 4877, 5097, 5272, 4900, 4215, 5521, 4829, 4764, 4775, 4533, 4405, 4780, 4052, 4979, 4022, 5037, 4275, 3777, 4169, 3551, 4476, 3908, 3743, 3080, 4656, 3655, 3804, 4109, 4034, 4237, 3066, 3508, 3829, 3675, 3405, 3640, 2905, 3145, 3129, 3487, 2755, 3673, 3489, 2744, 3099, 2860, 3101, 2686, 2886, 2820, 3005, 2909, 2309, 2843, 2433, 3638, 2540, 2162, 2901, 2531, 2398, 2268, 2658, 2076, 2367, 2660, 2227, 1990, 1947, 1993, 1708, 2483, 1614, 2052, 1957, 2185, 1698, 1663, 2033, 1754, 1583, 1911, 2064, 2116, 1864, 1648, 1931, 1646, 1498, 1617, 1755, 1771, 1658, 1903, 1427, 1825, 916, 1452, 1894, 1723, 1489, 1724, 873, 1200, 938, 1321, 1051, 1315, 1659, 958, 1239, 1469, 1044, 902, 1433, 1083, 1308, 1220, 956, 1173, 970, 1114, 1147, 1012, 1035, 1280, 804, 977, 1036, 907, 681, 1151, 787, 817, 652, 719, 642, 764, 753, 693, 652, 922, 801, 860, 649, 698, 792, 527, 727, 474, 695, 451, 619, 266, 482, 359, 562, 415, 576, 528, 686, 544, 330, 516, 351, 355, 414, 611, 357, 644, 506, 469, 376, 481, 427, 234, 416, 281, 460, 196, 364, 375, 327, 279, 466, 427, 259, 233, 427, 284, 596, 366, 156, 240, 488, 156, 189, 315, 193, 152, 318, 564, 274, 230, 223, 287, 383, 202, 144, 171, 310, 188, 225, 203, 220, 177, 190, 163, 234, 156, 261, 271, 164, 168, 332, 157, 164, 75, 141, 92, 109, 258, 111, 227, 82, 156, 88, 51, 110, 123, 193, 151, 140, 149, 73, 131, 91, 125, 71, 179, 86, 148, 26, 11, 37, 79, 122, 24, 88, 51, 35, 67, 70, 73, 67, 36, 44, 69, 76, 74, 80, 100, 73, 43, 26, 18, 35, 73, 59, 81, 71, 78, 61, 63, 29, 23, 33, 64, 50, 19, 43, 71, 140, 86, 14, 46, 21, 28, 56, 58, 0, 0, 50, 22, 21, 47, 2, 83, 0, 46, 0, 47, 0, 17, 10, 29, 25, 24, 10, 17, 3, 0, 8, 52, 2, 0, 0, 0, 38, 0, 42, 0, 0, 5, 9, 0, 1, 4, 0, 0, 0, 0, 11, 14, 22, 21, 0, 2, 0, 0, 16, 0, 0, 3, 75, 0, 0, 0, 0, 0, 0, 0, 4, 0, 34, 6, 11, 0, 14, 0, 1, 15, 3, 8, 0, 0, 0, 0, 18, 0, 0, 43, 0, 17, 6, 0, 0, 0, 21, 0, 0, 0, 0, 2, 10, 0, 0, 0, 0, 0, 15, 0, 0, 0, 3, 0, 0, 0, 8, 0, 0, 4, 13, 0, 0, 0, 0, 8, 0, 0, 0, 0, 0, 0, 0, 0, 23, 0, 2, 43, 0, 0, 3, 0, 0, 0, 0, 0, 0, 0, 0, 0, 0, 0, 0, 0, 0, 0, 0, 0, 0, 0, 0, 0, 0, 0, 0, 0, 12, 0, 0, 0, 0, 0, 0, 0, 0, 0, 0, 0, 0, 13, 0, 0, 0, 0, 0, 0, 0, 0, 0, 0, 0, 0, 0, 0, 2, 0, 0, 0, 0, 0, 0, 0, 0, 0, 0, 0, 0, 0, 0, 0, 0, 0, 0, 0, 0, 0, 0, 0, 0, 0, 0, 0, 0, 0, 0, 0, 0, 0, 0, 0, 0, 0, 0, 0, 0, 0, 0, 0, 0, 0, 0, 0, 0, 0, 0, 0, 0, 0, 0, 0, 0, 0, 0, 0, 0, 0, 0, 0, 0, 0, 0, 0, 0, 0, 0, 0, 0, 0, 0, 0, 0, 0, 0, 0, 0, 0, 0, 0, 0, 0, 0, 0, 0, 0, 0, 0, 0, 0, 0, 0, 0, 0, 0, 0, 0, 0, 0, 0, 0, 0, 0, 0, 0, 0, 0, 0, 0, 0, 0, 0, 0, 0, 0, 0, 0, 0, 0, 0, 0, 0, 0, 0, 0, 0, 0, 0, 0, 0, 0, 0, 0, 0, 0, 0, 0, 0, 0, 0, 0, 0, 0, 0, 0, 0, 0, 0, 0, 0, 0, 0, 0, 0, 0, 0, 0, 0, 0, 0, 0, 0, 0, 0, 0, 0, 0, 0, 0, 0, 0, 0, 0, 0, 0, 0, 0, 0, 0, 0, 0, 0, 0, 0, 0, 0, 0, 0, 0, 0, 0, 0, 0, 0, 0, 0, 0, 0, 0, 0, 0, 0, 0, 0, 0, 0, 0, 0, 0, 0, 0, 0, 0, 0, 0, 0, 0, 0, 0, 0, 0, 0, 0, 0, 0, 0, 0, 0, 0, 0, 0, 0, 0, 0, 0, 0, 0, 0, 0, 0, 0, 0, 0, 0, 0, 0, 0, 0, 0, 0, 0, 0, 0, 0, 0, 0, 0, 0, 0, 0, 0, 0, 0, 0, 0, 0, 0, 0, 0, 0, 0, 0, 0, 0, 0, 0, 0, 0, 0, 0, 0, 0, 0, 0, 0, 0, 0, 0, 0, 0, 0, 0, 0, 0, 0, 0, 0, 0, 0, 0, 0, 0, 0, 0, 0, 0, 0, 0, 0, 0, 0, 0, 0, 0, 0, 0, 0, 0, 0, 0, 0, 0, 0, 0, 0, 0, 0, 0, 0, 0, 0, 0, 0, 0, 0, 0, 0, 0, 0, 0, 0, 0, 0, 0, 0, 0, 0, 0, 0, 0, 0, 0, 0, 0, 0, 0, 0, 0, 0, 0, 0, 0, 0, 0, 0, 0, 0, 0, 0, 0, 0, 0, 0, 0, 0, 0, 0, 0, 0, 0, 0, 0, 0, 0, 0, 0, 0, 0, 0, 0, 0, 0, 0, 0, 0, 0, 0, 0, 0, 0, 0, 0, 0, 0, 0, 0, 0, 0, 0, 0, 0, 0, 0, 0, 0, 0, 0, 0, 0, 0, 0, 0, 0, 0, 0, 0, 0, 0, 0, 0, 0, 0, 0, 0, 0, 0, 0, 0, 0, 0, 0, 0, 0, 0, 0, 0, 0, 0, 0, 0, 0, 0, 0, 0, 0, 0, 0, 0, 0, 0, 0, 0, 0, 0, 0, 0, 0, 0, 0, 0, 0, 0, 0, 0, 0, 0, 0, 0, 0, 0, 0, 0, 0, 0, 0, 0, 0, 0, 0, 0, 0, 0, 0, 0, 0, 0, 0, 0, 0, 0, 0, 0, 0, 0, 0, 0, 0, 0, 0, 0, 0, 0, 0, 0, 0, 0, 0, 0, 0, 0, 0, 0, 0, 0, 0, 0, 0, 0, 0, 0, 0, 0, 0, 0, 0, 0, 0, 0, 0, 0, 0, 0, 0, 0, 0, 0, 0, 0, 0, 0, 0, 0, 0, 0, 0, 0, 0, 0, 0, 0, 0, 0, 0, 0, 0, 0, 0, 0, 0, 0, 0, 0, 0, 0, 0, 0, 0, 0, 0, 0, 0, 0, 0, 0, 0, 0, 0, 0, 0, 0, 0, 0, 0, 0, 0, 0, 0, 0, 0, 0, 0, 0, 0, 0, 0, 0, 0, 0, 0, 0, 0, 0, 0, 0, 0, 0, 0, 0, 0, 0, 0, 0, 0, 0, 0, 0, 0, 0, 0, 0, 0, 0, 0, 0, 0, 0, 0, 0, 0, 0, 0, 0, 0, 0, 0, 0, 0, 0, 0, 0, 0, 0, 0, 0, 0, 0, 0, 0, 0, 0, 0, 0, 0, 0, 0, 0, 0, 0, 0, 0, 0, 0, 0, 0, 0, 0, 0, 0, 0, 0, 0, 0, 0, 0, 0, 0, 0, 0, 0, 0, 0, 0, 0, 0, 0, 0, 0, 0, 0, 0, 0, 0, 0, 0, 0, 0, 0, 0, 0, 0, 0, 0, 0, 0, 0, 0, 0, 0]
