n = 300
v = 250
λ = 212.68794646247648
λ_0 = 293.0717308915087 (без учёта столкновений со стенками)
столкновений со стенками за секунду: 85.78233333333334
столкновений между собой за секунду: 113.48599999999999
время: 600
средняя скорость: 221.73061739068112
наиболее вероятная скорость: 187.5
P: 415.74423064942204
nmax: 49114
[43, 633, 1006, 2023, 2350, 3259, 3309, 3082, 4271, 3947, 5695, 5699, 6094, 7025, 7321, 7056, 8542, 8134, 10613, 9563, 9588, 11273, 12409, 11396, 14399, 12771, 12729, 13642, 14456, 16458, 15816, 15712, 17261, 16846, 17043, 18250, 18133, 18951, 18941, 21170, 20944, 21338, 23448, 21278, 21159, 23265, 25410, 22408, 24950, 24424, 26114, 24984, 26141, 27056, 26262, 26071, 26081, 27276, 28795, 28791, 30803, 30768, 28613, 30527, 29512, 31997, 31273, 33056, 32371, 31700, 34628, 32897, 36048, 36499, 34890, 35401, 36953, 35383, 37686, 36417, 36623, 37773, 38465, 38609, 37470, 38738, 39946, 39535, 39102, 39030, 40319, 41037, 38047, 39341, 38706, 38947, 41243, 41879, 41577, 39125, 39985, 41915, 42025, 42548, 42132, 43657, 42808, 43296, 42845, 42903, 44763, 42698, 45321, 44602, 46086, 43005, 45703, 44484, 41414, 44032, 45032, 46070, 44364, 45642, 45866, 46399, 44118, 48757, 47517, 47309, 44624, 48563, 45367, 44802, 45254, 45812, 45729, 46083, 47195, 48011, 41938, 47380, 48808, 47253, 46290, 46091, 43050, 45690, 46204, 46694, 49116, 45810, 47270, 47423, 46232, 46279, 46760, 45387, 48824, 44711, 46180, 45866, 45784, 46717, 46817, 43752, 44904, 43489, 45081, 43735, 43530, 45094, 44367, 42979, 45209, 43403, 42995, 42792, 43283, 45656, 42601, 42269, 41373, 42538, 42968, 42939, 43328, 41733, 40310, 41177, 41606, 40948, 41156, 43062, 42462, 40733, 40863, 39745, 41564, 40676, 40314, 40266, 41345, 39032, 41589, 38806, 37999, 38752, 39909, 39172, 37223, 38546, 37528, 36007, 35955, 36561, 34470, 37176, 35776, 34010, 34647, 36736, 36803, 35610, 34668, 35279, 32832, 34217, 33295, 32917, 32416, 33671, 33054, 33370, 29309, 31813, 32651, 32428, 32318, 30788, 30635, 28906, 29585, 29449, 29046, 29468, 28717, 28749, 29348, 28453, 28046, 27669, 25820, 28848, 26662, 26791, 27998, 25267, 27803, 27753, 24843, 27146, 26465, 26076, 24366, 24895, 24676, 24327, 24814, 24200, 23170, 22417, 24707, 21820, 21038, 21974, 22815, 23067, 21415, 20492, 21526, 22090, 19557, 21666, 21494, 19215, 18822, 20981, 20390, 19552, 19458, 19001, 17669, 17006, 18361, 19635, 17796, 17780, 17911, 17118, 16761, 17865, 16355, 15916, 16701, 16507, 16749, 15212, 16182, 15426, 13886, 15696, 14306, 15273, 14371, 13430, 13819, 14322, 13984, 13824, 13597, 12837, 13496, 14392, 12279, 12900, 12463, 12288, 11092, 12242, 12061, 11712, 11944, 10699, 11542, 11263, 10421, 10690, 10737, 9883, 10346, 10060, 10195, 9764, 9760, 9355, 9090, 8928, 9528, 8621, 9249, 8503, 8615, 8134, 7961, 7903, 7801, 8087, 8141, 7864, 7166, 7872, 6746, 7476, 6126, 7490, 7387, 7169, 7015, 6512, 5943, 6422, 6326, 6162, 5589, 5873, 5669, 5726, 5881, 5656, 5622, 5627, 4810, 4986, 4917, 4717, 5411, 4743, 4939, 4816, 4510, 4786, 4680, 4808, 4749, 4446, 4430, 4103, 4275, 4397, 3392, 4348, 4158, 3109, 4097, 3445, 3428, 3900, 3379, 3171, 4137, 3381, 3595, 3340, 3210, 2952, 2616, 3028, 2774, 2716, 2884, 2570, 2799, 2599, 2062, 2805, 2288, 2305, 2494, 2712, 2233, 2404, 2091, 2285, 1955, 1852, 2242, 2192, 1938, 2248, 1669, 1769, 1574, 1686, 1843, 1652, 1497, 1838, 1517, 1334, 1651, 1646, 1425, 1474, 1203, 1163, 1292, 1179, 1453, 1415, 1108, 1133, 1218, 1253, 1197, 1095, 1260, 1010, 1034, 956, 1072, 903, 1090, 1096, 932, 751, 801, 912, 793, 622, 715, 622, 893, 699, 771, 697, 509, 768, 688, 621, 621, 551, 704, 536, 483, 732, 709, 504, 576, 584, 533, 677, 419, 413, 398, 395, 314, 360, 375, 447, 372, 318, 393, 304, 277, 287, 298, 447, 385, 222, 150, 251, 295, 365, 242, 312, 237, 133, 175, 196, 266, 196, 187, 338, 161, 178, 144, 186, 154, 124, 156, 167, 91, 240, 106, 147, 123, 121, 207, 166, 117, 143, 133, 89, 161, 189, 184, 66, 91, 159, 165, 126, 151, 107, 50, 76, 159, 100, 66, 88, 51, 79, 42, 44, 108, 60, 64, 29, 50, 51, 73, 101, 89, 52, 20, 15, 29, 71, 25, 15, 8, 59, 59, 45, 25, 14, 52, 61, 18, 26, 92, 19, 68, 0, 30, 42, 5, 42, 77, 37, 59, 6, 9, 34, 0, 19, 56, 22, 24, 11, 10, 19, 31, 12, 23, 9, 2, 49, 16, 20, 77, 9, 17, 16, 34, 2, 0, 23, 9, 2, 26, 5, 0, 8, 4, 10, 100, 1, 0, 1, 0, 13, 0, 3, 1, 1, 33, 0, 0, 5, 0, 6, 0, 0, 4, 5, 7, 0, 0, 0, 0, 11, 5, 4, 0, 0, 18, 0, 0, 0, 0, 0, 0, 0, 5, 0, 1, 0, 7, 0, 0, 0, 0, 0, 0, 0, 0, 0, 3, 0, 0, 9, 0, 0, 0, 0, 0, 0, 0, 0, 0, 0, 0, 0, 10, 0, 0, 0, 1, 0, 0, 0, 0, 0, 0, 0, 0, 0, 0, 0, 0, 0, 0, 13, 0, 0, 0, 0, 10, 0, 0, 0, 0, 0, 0, 0, 0, 0, 0, 0, 0, 0, 0, 0, 3, 0, 0, 0, 0, 0, 0, 0, 0, 0, 3, 0, 0, 0, 0, 0, 0, 0, 0, 0, 0, 0, 0, 0, 0, 0, 0, 0, 0, 0, 0, 0, 0, 0, 0, 0, 0, 0, 0, 0, 0, 0, 0, 0, 0, 0, 0, 0, 0, 0, 0, 0, 0, 0, 0, 0, 0, 0, 0, 0, 0, 0, 0, 0, 0, 0, 0, 0, 0, 0, 0, 0, 0, 0, 0, 0, 0, 0, 0, 0, 0, 0, 0, 0, 0, 0, 0, 0, 0, 0, 0, 0, 0, 0, 0, 0, 0, 0, 0, 0, 0, 0, 0, 0, 0, 0, 0, 0, 0, 0, 0, 0, 0, 0, 0, 0, 0, 0, 0, 0, 0, 0, 0, 0, 0, 0, 0, 0, 0, 0, 0, 0, 0, 0, 0, 0, 0, 0, 0, 0, 0, 0, 0, 0, 0, 0, 0, 0, 0, 0, 0, 0, 0, 0, 0, 0, 0, 0, 0, 0, 0, 0, 0, 0, 0, 0, 0, 0, 0, 0, 0, 0, 0, 0, 0, 0, 0, 0, 0, 0, 0, 0, 0, 0, 0, 0, 0, 0, 0, 0, 0, 0, 0, 0, 0, 0, 0, 0, 0, 0, 0, 0, 0, 0, 0, 0, 0, 0, 0, 0, 0, 0, 0, 0, 0, 0, 0, 0, 0, 0, 0, 0, 0, 0, 0, 0, 0, 0, 0, 0, 0, 0, 0, 0, 0, 0, 0, 0, 0, 0, 0, 0, 0, 0, 0, 0, 0, 0, 0, 0, 0, 0, 0, 0, 0, 0, 0, 0, 0, 0, 0, 0, 0, 0, 0, 0, 0, 0, 0, 0, 0, 0, 0, 0, 0, 0, 0, 0, 0, 0, 0, 0, 0, 0, 0, 0, 0, 0, 0, 0, 0, 0, 0, 0, 0, 0, 0, 0, 0, 0, 0, 0, 0, 0, 0, 0, 0, 0, 0, 0, 0, 0, 0, 0, 0, 0, 0, 0, 0, 0, 0, 0, 0, 0, 0, 0, 0, 0, 0, 0, 0, 0, 0, 0, 0, 0, 0, 0, 0, 0, 0, 0, 0, 0, 0, 0, 0, 0, 0, 0, 0, 0, 0, 0, 0, 0, 0, 0, 0, 0, 0, 0, 0, 0, 0, 0, 0, 0, 0, 0, 0, 0, 0, 0, 0, 0, 0, 0, 0, 0, 0, 0, 0, 0, 0, 0, 0, 0, 0, 0, 0, 0, 0, 0, 0, 0, 0, 0, 0, 0, 0, 0, 0, 0, 0, 0, 0, 0, 0, 0, 0, 0, 0, 0, 0, 0, 0, 0, 0, 0, 0, 0, 0, 0, 0, 0, 0, 0, 0, 0, 0, 0, 0, 0, 0, 0, 0, 0, 0, 0, 0, 0, 0, 0, 0, 0, 0, 0, 0, 0, 0, 0, 0, 0, 0, 0, 0, 0, 0, 0, 0, 0, 0, 0, 0, 0, 0, 0, 0, 0, 0, 0, 0, 0, 0, 0, 0, 0, 0, 0, 0, 0, 0, 0, 0, 0, 0, 0, 0, 0, 0, 0, 0, 0, 0, 0, 0, 0, 0, 0, 0, 0, 0, 0, 0, 0, 0, 0, 0, 0, 0, 0, 0, 0, 0, 0, 0, 0, 0, 0, 0, 0, 0, 0, 0, 0, 0, 0, 0, 0, 0, 0, 0, 0, 0, 0, 0, 0, 0, 0, 0, 0, 0, 0, 0, 0, 0, 0, 0, 0, 0, 0, 0, 0, 0, 0, 0, 0, 0, 0, 0, 0, 0, 0, 0, 0, 0, 0, 0, 0, 0, 0, 0, 0, 0, 0, 0, 0, 0, 0, 0, 0, 0, 0, 0, 0, 0, 0, 0, 0, 0, 0, 0, 0, 0, 0, 0, 0, 0, 0, 0, 0, 0, 0, 0, 0, 0, 0, 0, 0, 0, 0, 0, 0, 0, 0, 0, 0, 0, 0, 0, 0, 0, 0, 0, 0, 0, 0, 0, 0, 0, 0, 0, 0, 0, 0, 0, 0, 0, 0, 0, 0, 0, 0, 0, 0, 0, 0, 0, 0, 0, 0, 0, 0, 0, 0, 0, 0, 0, 0, 0, 0, 0, 0, 0, 0, 0, 0, 0, 0, 0, 0, 0, 0, 0, 0, 0, 0, 0, 0, 0, 0, 0, 0, 0, 0, 0, 0, 0, 0, 0, 0, 0, 0, 0, 0, 0, 0, 0, 0, 0, 0, 0, 0, 0, 0, 0, 0, 0, 0, 0, 0, 0, 0, 0, 0, 0, 0, 0, 0, 0, 0, 0, 0, 0, 0, 0, 0, 0, 0, 0, 0, 0, 0, 0, 0, 0, 0, 0, 0, 0, 0, 0, 0, 0, 0, 0, 0, 0, 0, 0, 0, 0, 0, 0, 0, 0, 0, 0, 0, 0, 0, 0, 0, 0, 0, 0, 0, 0, 0, 0, 0, 0, 0, 0, 0, 0, 0, 0, 0, 0, 0, 0, 0, 0, 0, 0, 0, 0, 0, 0, 0, 0, 0, 0, 0, 0, 0, 0, 0, 0, 0, 0, 0, 0, 0, 0, 0, 0, 0, 0, 0, 0, 0, 0, 0, 0, 0, 0, 0, 0, 0, 0, 0, 0, 0, 0, 0, 0, 0, 0, 0, 0, 0, 0, 0, 0, 0, 0, 0, 0, 0, 0, 0, 0, 0]
