n = 100
v = 250
λ = 414.9187033353567
λ_0 = 886.6336010888905 (без учёта столкновений со стенками)
столкновений со стенками за секунду: 28.473666666666666
столкновений между собой за секунду: 12.522666666666668
время: 600
средняя скорость: 222.0594900540937
наиболее вероятная скорость: 163.75
P: 138.78771302378098
nmax: 18540
[0, 38, 631, 588, 628, 574, 985, 1414, 917, 1328, 1160, 1953, 2562, 2387, 2624, 2784, 3106, 2653, 3334, 3479, 3436, 5012, 3768, 6147, 3417, 4364, 4246, 5944, 4349, 5165, 4546, 5152, 4356, 5200, 5829, 5201, 5213, 5989, 7041, 7867, 7486, 5433, 6811, 7333, 7985, 6999, 7689, 9868, 8927, 7452, 8557, 8566, 8747, 6491, 8973, 10355, 9618, 10814, 10375, 8723, 8922, 10468, 9400, 9991, 9964, 10813, 11028, 9459, 11509, 11017, 10351, 11151, 10432, 11436, 11217, 12271, 11917, 9474, 10525, 13282, 13622, 13760, 14032, 11719, 12309, 11630, 10798, 12415, 13877, 12094, 14265, 11588, 12104, 13010, 11264, 13813, 13839, 12478, 15083, 15247, 13202, 13733, 11608, 14395, 14634, 12876, 12407, 14468, 13940, 14379, 13733, 16779, 15254, 15333, 14761, 14032, 14371, 15076, 14813, 15361, 16012, 15097, 14385, 14183, 16135, 13373, 14533, 15004, 14411, 14561, 15752, 18540, 16041, 17203, 16952, 16062, 18500, 16537, 14454, 17462, 14890, 15688, 15898, 14830, 15780, 16574, 15916, 15487, 16195, 12785, 14795, 15066, 15925, 16131, 14404, 15219, 13674, 15703, 14332, 15075, 17804, 13604, 14450, 14688, 14216, 15838, 14856, 14172, 13441, 15443, 13521, 14441, 15194, 13133, 14243, 14599, 14769, 14507, 13694, 15228, 15923, 14917, 13735, 15540, 14305, 14015, 16385, 12900, 14548, 12338, 13614, 15558, 14441, 12755, 13353, 15667, 15245, 12918, 9540, 13983, 12287, 12476, 12086, 15620, 14134, 13988, 10908, 13670, 13627, 12155, 15230, 13911, 12272, 12396, 13037, 12278, 10699, 11492, 12893, 11815, 10878, 13000, 11002, 12610, 12921, 12339, 11937, 11487, 12288, 11486, 10999, 11192, 11989, 9621, 12124, 11192, 9950, 8220, 9834, 10174, 9991, 11798, 9940, 10958, 10061, 11189, 10521, 9953, 8727, 8361, 9791, 9533, 9270, 8750, 9279, 10987, 8977, 7766, 9343, 8509, 8420, 8678, 9000, 7409, 7541, 8525, 8568, 8010, 7855, 8584, 9150, 7643, 6499, 7552, 7104, 8078, 7672, 7419, 7822, 8622, 7133, 7075, 6283, 6853, 6592, 6707, 7321, 6544, 7499, 5975, 6538, 5652, 7600, 6230, 6414, 6436, 5373, 5815, 7744, 5772, 6229, 5864, 5401, 6198, 5192, 5797, 4856, 4773, 4814, 5487, 4778, 4740, 4467, 4869, 5509, 4255, 4795, 3630, 5066, 4162, 4138, 4802, 4253, 3952, 4887, 4009, 4634, 3696, 4604, 5174, 3887, 3597, 3122, 4010, 3863, 3680, 4585, 3532, 3860, 3384, 4069, 3843, 3560, 3334, 4002, 2360, 3247, 3129, 2990, 3483, 2789, 2947, 3132, 2684, 2424, 2705, 2082, 2660, 2696, 2278, 2759, 2241, 2715, 2576, 2534, 1869, 2868, 2141, 2442, 1647, 1813, 1553, 1772, 1964, 2257, 1712, 2777, 1965, 2115, 2373, 1727, 1483, 1116, 1539, 1722, 1739, 2026, 1555, 1029, 1418, 1052, 1413, 1606, 1244, 1392, 1377, 1260, 1817, 904, 1482, 1145, 1082, 737, 1226, 1380, 947, 1327, 1052, 912, 1571, 1089, 791, 1141, 869, 1007, 1040, 1006, 1096, 746, 755, 952, 643, 969, 929, 765, 733, 405, 831, 797, 670, 450, 786, 842, 750, 694, 855, 827, 974, 325, 778, 303, 668, 548, 334, 704, 95, 387, 476, 392, 657, 409, 369, 402, 521, 852, 327, 634, 443, 444, 575, 538, 503, 448, 225, 340, 521, 205, 475, 231, 328, 321, 233, 159, 216, 111, 236, 94, 263, 421, 317, 322, 116, 262, 167, 290, 145, 448, 324, 150, 147, 268, 159, 315, 293, 128, 293, 322, 265, 260, 4, 194, 210, 117, 10, 220, 151, 89, 117, 215, 129, 86, 74, 212, 69, 145, 299, 10, 114, 1, 114, 91, 15, 127, 16, 109, 18, 49, 104, 105, 96, 111, 35, 0, 46, 12, 175, 95, 29, 56, 53, 59, 0, 66, 27, 117, 44, 0, 24, 16, 124, 89, 12, 52, 32, 44, 11, 14, 31, 0, 22, 99, 6, 41, 24, 2, 16, 12, 8, 0, 0, 39, 0, 41, 0, 62, 0, 0, 46, 11, 29, 0, 0, 64, 15, 22, 0, 6, 8, 0, 0, 12, 0, 0, 0, 27, 8, 37, 6, 0, 2, 0, 0, 0, 0, 3, 0, 10, 15, 20, 68, 10, 0, 49, 0, 0, 0, 0, 0, 3, 1, 0, 5, 7, 34, 0, 0, 0, 35, 0, 0, 39, 0, 0, 0, 0, 0, 0, 6, 0, 0, 0, 0, 0, 0, 0, 0, 0, 19, 0, 0, 0, 0, 0, 21, 0, 16, 0, 0, 0, 0, 0, 0, 0, 0, 0, 0, 0, 0, 0, 0, 0, 0, 0, 0, 0, 0, 0, 0, 0, 0, 0, 0, 0, 0, 0, 0, 0, 0, 0, 0, 0, 0, 0, 0, 0, 0, 0, 0, 0, 0, 0, 0, 7, 0, 0, 0, 0, 0, 0, 0, 0, 0, 0, 0, 0, 0, 0, 0, 0, 0, 0, 0, 0, 0, 0, 0, 0, 0, 0, 0, 0, 0, 0, 0, 0, 0, 0, 0, 0, 0, 0, 0, 0, 0, 0, 0, 0, 0, 0, 0, 0, 0, 0, 0, 0, 0, 0, 0, 0, 0, 0, 0, 0, 0, 0, 0, 0, 0, 0, 0, 0, 0, 0, 0, 0, 0, 0, 0, 0, 0, 0, 0, 0, 0, 0, 0, 0, 0, 0, 0, 0, 0, 0, 0, 0, 0, 0, 0, 0, 0, 0, 0, 0, 0, 0, 0, 0, 0, 0, 0, 0, 0, 0, 0, 0, 0, 0, 0, 0, 0, 0, 0, 0, 0, 0, 0, 0, 0, 0, 0, 0, 0, 0, 0, 0, 0, 0, 0, 0, 0, 0, 0, 0, 0, 0, 0, 0, 0, 0, 0, 0, 0, 0, 0, 0, 0, 0, 0, 0, 0, 0, 0, 0, 0, 0, 0, 0, 0, 0, 0, 0, 0, 0, 0, 0, 0, 0, 0, 0, 0, 0, 0, 0, 0, 0, 0, 0, 0, 0, 0, 0, 0, 0, 0, 0, 0, 0, 0, 0, 0, 0, 0, 0, 0, 0, 0, 0, 0, 0, 0, 0, 0, 0, 0, 0, 0, 0, 0, 0, 0, 0, 0, 0, 0, 0, 0, 0, 0, 0, 0, 0, 0, 0, 0, 0, 0, 0, 0, 0, 0, 0, 0, 0, 0, 0, 0, 0, 0, 0, 0, 0, 0, 0, 0, 0, 0, 0, 0, 0, 0, 0, 0, 0, 0, 0, 0, 0, 0, 0, 0, 0, 0, 0, 0, 0, 0, 0, 0, 0, 0, 0, 0, 0, 0, 0, 0, 0, 0, 0, 0, 0, 0, 0, 0, 0, 0, 0, 0, 0, 0, 0, 0, 0, 0, 0, 0, 0, 0, 0, 0, 0, 0, 0, 0, 0, 0, 0, 0, 0, 0, 0, 0, 0, 0, 0, 0, 0, 0, 0, 0, 0, 0, 0, 0, 0, 0, 0, 0, 0, 0, 0, 0, 0, 0, 0, 0, 0, 0, 0, 0, 0, 0, 0, 0, 0, 0, 0, 0, 0, 0, 0, 0, 0, 0, 0, 0, 0, 0, 0, 0, 0, 0, 0, 0, 0, 0, 0, 0, 0, 0, 0, 0, 0, 0, 0, 0, 0, 0, 0, 0, 0, 0, 0, 0, 0, 0, 0, 0, 0, 0, 0, 0, 0, 0, 0, 0, 0, 0, 0, 0, 0, 0, 0, 0, 0, 0, 0, 0, 0, 0, 0, 0, 0, 0, 0, 0, 0, 0, 0, 0, 0, 0, 0, 0, 0, 0, 0, 0, 0, 0, 0, 0, 0, 0, 0, 0, 0, 0, 0, 0, 0, 0, 0, 0, 0, 0, 0, 0, 0, 0, 0, 0, 0, 0, 0, 0, 0, 0, 0, 0, 0, 0, 0, 0, 0, 0, 0, 0, 0, 0, 0, 0, 0, 0, 0, 0, 0, 0, 0, 0, 0, 0, 0, 0, 0, 0, 0, 0, 0, 0, 0, 0, 0, 0, 0, 0, 0, 0, 0, 0, 0, 0, 0, 0, 0, 0, 0, 0, 0, 0, 0, 0, 0, 0, 0, 0, 0, 0, 0, 0, 0, 0, 0, 0, 0, 0, 0, 0, 0, 0, 0, 0, 0, 0, 0, 0, 0, 0, 0, 0, 0, 0, 0, 0, 0, 0, 0, 0, 0, 0, 0, 0, 0, 0, 0, 0, 0, 0, 0, 0, 0, 0, 0, 0, 0, 0, 0, 0, 0, 0, 0, 0, 0, 0, 0, 0, 0, 0, 0, 0, 0, 0, 0, 0, 0, 0, 0, 0, 0, 0, 0, 0, 0, 0, 0, 0, 0, 0, 0, 0, 0, 0, 0, 0, 0, 0, 0, 0, 0, 0, 0, 0, 0, 0, 0, 0, 0, 0, 0, 0, 0, 0, 0, 0, 0, 0, 0, 0, 0, 0, 0, 0, 0, 0, 0, 0, 0, 0, 0, 0, 0, 0, 0, 0, 0, 0, 0, 0, 0, 0, 0, 0, 0, 0, 0, 0, 0, 0, 0, 0, 0, 0, 0, 0, 0, 0, 0, 0, 0, 0, 0, 0, 0, 0, 0, 0, 0, 0, 0, 0, 0, 0, 0, 0, 0, 0, 0, 0, 0, 0, 0, 0, 0, 0, 0, 0, 0, 0, 0, 0, 0, 0, 0, 0, 0, 0, 0, 0, 0, 0, 0, 0, 0, 0, 0, 0, 0, 0, 0, 0, 0, 0, 0, 0, 0, 0, 0, 0, 0, 0, 0, 0, 0, 0, 0, 0, 0, 0, 0, 0, 0, 0, 0, 0, 0, 0, 0, 0, 0, 0, 0, 0, 0, 0, 0, 0, 0, 0, 0, 0, 0, 0, 0, 0, 0, 0, 0, 0, 0, 0, 0, 0, 0, 0, 0, 0, 0, 0, 0, 0, 0, 0, 0, 0, 0, 0, 0, 0, 0, 0, 0, 0, 0, 0, 0, 0, 0, 0, 0, 0, 0, 0, 0, 0, 0, 0, 0, 0, 0, 0, 0, 0, 0, 0, 0, 0, 0, 0, 0, 0, 0, 0, 0, 0, 0, 0, 0, 0, 0, 0, 0, 0, 0, 0, 0, 0, 0, 0, 0, 0, 0, 0, 0, 0, 0, 0, 0, 0, 0, 0, 0, 0, 0, 0, 0, 0, 0, 0, 0, 0, 0, 0, 0, 0, 0, 0, 0, 0, 0, 0, 0, 0, 0, 0, 0, 0, 0, 0, 0, 0, 0, 0, 0, 0, 0, 0, 0, 0, 0, 0]
