n = 300
v = 300
λ = 212.73578864866326
λ_0 = 292.9045441819603 (без учёта столкновений со стенками)
столкновений со стенками за секунду: 102.651
столкновений между собой за секунду: 136.19733333333335
время: 600
средняя скорость: 265.9528800548257
наиболее вероятная скорость: 220.0
P: 498.6602229849813
nmax: 41001
[19, 450, 1155, 937, 1688, 1915, 2082, 2669, 2645, 3157, 3172, 4000, 4112, 5081, 4352, 5635, 5508, 5110, 5486, 6711, 7314, 7670, 8171, 8384, 8531, 9697, 8675, 10751, 10256, 10950, 10976, 11116, 11315, 12704, 11765, 12843, 13177, 14307, 13363, 14370, 14205, 15546, 15045, 15481, 16997, 16543, 15791, 17769, 16671, 17867, 18438, 19244, 18861, 19002, 19947, 18667, 20298, 19737, 20552, 20906, 21014, 20777, 20905, 21748, 21705, 22765, 23346, 22209, 23413, 23823, 23207, 24544, 24499, 25619, 25040, 26043, 24758, 26164, 26028, 26640, 27024, 28294, 28300, 26537, 28200, 26992, 27876, 29529, 29305, 30569, 31809, 29169, 28749, 30214, 30447, 29039, 30521, 30026, 29711, 30934, 31436, 31249, 33508, 32459, 32670, 31315, 32791, 32595, 33314, 34755, 32596, 33051, 33212, 34978, 33750, 34084, 34694, 35484, 35554, 34558, 34886, 33806, 34786, 35271, 34322, 36989, 35684, 38067, 37039, 37569, 38760, 38033, 37168, 36383, 38451, 36412, 37159, 35829, 36030, 38114, 37891, 38270, 39362, 36880, 36850, 38276, 35497, 37990, 37411, 38100, 36689, 39697, 37968, 37667, 39725, 38406, 37840, 38610, 38943, 38189, 39663, 38653, 38464, 37647, 38720, 37379, 39768, 38784, 37907, 39395, 38618, 38741, 38291, 38902, 35869, 39191, 41003, 36746, 37970, 39608, 37406, 38675, 39339, 37885, 39287, 36771, 36273, 38478, 38640, 39115, 36925, 39168, 39252, 37950, 36788, 39485, 37409, 38788, 36317, 37898, 37388, 37318, 37693, 37671, 38406, 37221, 35978, 37173, 39735, 34710, 36256, 35809, 34399, 36083, 36250, 36547, 35014, 35896, 34710, 33987, 34584, 34444, 35689, 34958, 35757, 35623, 34851, 34612, 34832, 33368, 34121, 33180, 33582, 32286, 34493, 34009, 35147, 32526, 33554, 34483, 32505, 32772, 33805, 32541, 33628, 33182, 33477, 32347, 32801, 33139, 31291, 32215, 30848, 30554, 30193, 32438, 31464, 30201, 31494, 29790, 29183, 30118, 31212, 28849, 29488, 30479, 29992, 28441, 29361, 27839, 29665, 26493, 27252, 28739, 28280, 27357, 27947, 25609, 25673, 26004, 26895, 28031, 26501, 26401, 27332, 26307, 26542, 26182, 24948, 26053, 24913, 25614, 25541, 24798, 23790, 25204, 24257, 24164, 23067, 24472, 22953, 23881, 23170, 23704, 21623, 21768, 22704, 22085, 22902, 21547, 22018, 22426, 22440, 22027, 21478, 22305, 21414, 21359, 19869, 19303, 20982, 19220, 18867, 20129, 20586, 19454, 20416, 19824, 20127, 18986, 18415, 20296, 18362, 18331, 18247, 18058, 17491, 17601, 17146, 17612, 17524, 16741, 16161, 15242, 16322, 16569, 16585, 15803, 15788, 15448, 15546, 15155, 15874, 14523, 14952, 14435, 14583, 14591, 13970, 14108, 13938, 14878, 13887, 14094, 13020, 13114, 14055, 13276, 13249, 13784, 13296, 12170, 12449, 13158, 12282, 11732, 11964, 11801, 11528, 11851, 10987, 11365, 10879, 11262, 10786, 10575, 11120, 11437, 11281, 11293, 10345, 10062, 10040, 10057, 10550, 9523, 9445, 9792, 9524, 8695, 9167, 9210, 9506, 8648, 8495, 8677, 8401, 8581, 8207, 8591, 7778, 8601, 8274, 8695, 8006, 7448, 7961, 7809, 7364, 7125, 7036, 7632, 7207, 6878, 6402, 7072, 6845, 6604, 6487, 7046, 6379, 5838, 6068, 5980, 6249, 6551, 6067, 5805, 6459, 5923, 5019, 5426, 5733, 5498, 5731, 5406, 5192, 5965, 5673, 5239, 5601, 4733, 4732, 4774, 4786, 5042, 4712, 4689, 4636, 4138, 4781, 4073, 4610, 4329, 4630, 4292, 3559, 3553, 4020, 4045, 3706, 3506, 3590, 3939, 4171, 3937, 3754, 3843, 3391, 3529, 3522, 3101, 3527, 3190, 2762, 2992, 3047, 3040, 3056, 2913, 2794, 2767, 2604, 2870, 2424, 2383, 2549, 2438, 2791, 2563, 2433, 2165, 2301, 2617, 2053, 2016, 2034, 2406, 2267, 1833, 2327, 2224, 1961, 1866, 2051, 1746, 2082, 1984, 1940, 1643, 1971, 1887, 1696, 1731, 1635, 1657, 1628, 1355, 1583, 1673, 1556, 1362, 1513, 1334, 1397, 1435, 1047, 1056, 1172, 1427, 1350, 1141, 1334, 1042, 1257, 1282, 1076, 1225, 1059, 1180, 1147, 1177, 1120, 908, 871, 847, 1086, 787, 1055, 792, 911, 824, 927, 778, 884, 924, 813, 1031, 802, 756, 800, 600, 647, 783, 875, 680, 624, 478, 753, 649, 810, 514, 612, 615, 440, 660, 532, 654, 577, 360, 590, 671, 698, 583, 351, 428, 572, 364, 593, 358, 517, 422, 345, 396, 340, 439, 405, 337, 342, 449, 439, 356, 386, 436, 369, 213, 257, 354, 197, 277, 389, 245, 323, 307, 224, 220, 301, 322, 277, 278, 190, 184, 185, 297, 181, 146, 225, 186, 316, 172, 185, 181, 178, 142, 212, 211, 219, 149, 116, 150, 120, 92, 138, 144, 102, 130, 97, 115, 131, 133, 95, 221, 79, 75, 83, 108, 72, 82, 38, 133, 151, 92, 151, 56, 97, 39, 49, 78, 88, 83, 75, 119, 16, 44, 76, 65, 41, 34, 25, 39, 55, 10, 89, 30, 49, 52, 75, 71, 60, 86, 36, 72, 91, 40, 73, 53, 31, 53, 29, 44, 21, 52, 21, 20, 44, 18, 54, 13, 7, 64, 26, 35, 6, 43, 29, 35, 15, 7, 4, 35, 40, 5, 24, 29, 6, 20, 31, 11, 23, 12, 28, 29, 7, 13, 14, 60, 12, 8, 2, 32, 15, 0, 11, 24, 0, 15, 9, 8, 11, 14, 7, 2, 1, 9, 22, 27, 4, 3, 1, 12, 7, 4, 5, 13, 8, 10, 0, 3, 1, 17, 0, 9, 13, 6, 37, 5, 2, 0, 0, 8, 18, 5, 0, 10, 5, 7, 0, 0, 3, 6, 0, 2, 0, 0, 4, 0, 0, 8, 1, 0, 0, 10, 4, 0, 29, 2, 14, 0, 0, 0, 0, 0, 0, 0, 0, 0, 0, 0, 0, 18, 0, 0, 0, 0, 0, 6, 0, 0, 0, 9, 10, 0, 0, 0, 0, 0, 0, 1, 0, 0, 0, 0, 0, 0, 0, 0, 0, 0, 0, 0, 0, 0, 0, 0, 0, 0, 0, 0, 0, 0, 0, 0, 0, 0, 0, 0, 0, 0, 0, 0, 0, 0, 0, 0, 0, 0, 0, 0, 0, 0, 0, 0, 0, 0, 0, 0, 0, 0, 0, 0, 0, 0, 0, 0, 0, 0, 0, 0, 0, 0, 0, 0, 0, 0, 0, 0, 0, 0, 0, 0, 0, 0, 0, 0, 0, 0, 0, 0, 0, 0, 0, 0, 0, 0, 0, 0, 0, 0, 0, 0, 0, 0, 0, 0, 0, 0, 0, 0, 0, 0, 0, 0, 0, 0, 0, 0, 0, 0, 0, 0, 0, 0, 0, 0, 0, 0, 0, 0, 0, 0, 0, 0, 0, 0, 0, 0, 0, 0, 0, 0, 0, 0, 0, 0, 0, 0, 0, 0, 0, 0, 0, 0, 0, 0, 0, 0, 0, 0, 0, 0, 0, 0, 0, 0, 0, 0, 0, 0, 0, 0, 0, 0, 0, 0, 0, 0, 0, 0, 0, 0, 0, 0, 0, 0, 0, 0, 0, 0, 0, 0, 0, 0, 0, 0, 0, 0, 0, 0, 0, 0, 0, 0, 0, 0, 0, 0, 0, 0, 0, 0, 0, 0, 0, 0, 0, 0, 0, 0, 0, 0, 0, 0, 0, 0, 0, 0, 0, 0, 0, 0, 0, 0, 0, 0, 0, 0, 0, 0, 0, 0, 0, 0, 0, 0, 0, 0, 0, 0, 0, 0, 0, 0, 0, 0, 0, 0, 0, 0, 0, 0, 0, 0, 0, 0, 0, 0, 0, 0, 0, 0, 0, 0, 0, 0, 0, 0, 0, 0, 0, 0, 0, 0, 0, 0, 0, 0, 0, 0, 0, 0, 0, 0, 0, 0, 0, 0, 0, 0, 0, 0, 0, 0, 0, 0, 0, 0, 0, 0, 0, 0, 0, 0, 0, 0, 0, 0, 0, 0, 0, 0, 0, 0, 0, 0, 0, 0, 0, 0, 0, 0, 0, 0, 0, 0, 0, 0, 0, 0, 0, 0, 0, 0, 0, 0, 0, 0, 0, 0, 0, 0, 0, 0, 0, 0, 0, 0, 0, 0, 0, 0, 0, 0, 0, 0, 0, 0, 0, 0, 0, 0, 0, 0, 0, 0, 0, 0, 0, 0, 0, 0, 0, 0, 0, 0, 0, 0, 0, 0, 0, 0, 0, 0, 0, 0, 0, 0, 0, 0, 0, 0, 0, 0, 0, 0, 0, 0, 0, 0, 0, 0, 0, 0, 0, 0, 0, 0, 0, 0, 0, 0, 0, 0, 0, 0, 0, 0, 0, 0, 0, 0, 0, 0, 0, 0, 0, 0, 0, 0, 0, 0, 0, 0, 0, 0, 0, 0, 0, 0, 0, 0, 0, 0, 0, 0, 0, 0, 0, 0, 0, 0, 0, 0, 0, 0, 0, 0, 0, 0, 0, 0, 0, 0, 0, 0, 0, 0, 0, 0, 0, 0, 0, 0, 0, 0, 0, 0, 0, 0, 0, 0, 0, 0, 0, 0, 0, 0, 0, 0, 0, 0, 0, 0, 0, 0, 0, 0, 0, 0, 0, 0, 0, 0, 0, 0, 0, 0, 0, 0, 0, 0, 0, 0, 0, 0, 0, 0, 0, 0, 0, 0, 0, 0, 0, 0, 0, 0, 0, 0, 0, 0, 0, 0, 0, 0, 0, 0, 0, 0, 0, 0, 0, 0, 0, 0, 0, 0, 0, 0, 0, 0, 0, 0, 0, 0, 0, 0, 0, 0, 0, 0, 0, 0, 0, 0, 0, 0, 0, 0, 0, 0, 0, 0, 0, 0, 0, 0, 0, 0, 0, 0, 0, 0, 0, 0, 0, 0, 0, 0, 0, 0, 0, 0, 0, 0, 0, 0, 0, 0, 0, 0, 0, 0, 0, 0, 0, 0, 0, 0, 0, 0, 0, 0, 0, 0, 0, 0, 0, 0, 0, 0, 0, 0, 0, 0, 0, 0, 0, 0, 0, 0, 0, 0, 0, 0, 0, 0, 0, 0, 0, 0, 0, 0, 0, 0, 0, 0, 0, 0, 0, 0, 0, 0, 0, 0, 0, 0, 0, 0, 0, 0, 0, 0, 0, 0, 0, 0, 0, 0, 0, 0, 0, 0, 0, 0, 0, 0, 0, 0, 0, 0, 0, 0, 0, 0, 0, 0, 0, 0, 0, 0, 0, 0, 0, 0, 0, 0, 0, 0, 0, 0, 0, 0, 0, 0, 0, 0, 0, 0, 0, 0, 0, 0, 0, 0, 0, 0, 0, 0, 0, 0, 0, 0, 0, 0, 0, 0, 0, 0, 0, 0, 0, 0, 0, 0, 0, 0, 0, 0, 0, 0, 0, 0, 0, 0, 0, 0, 0, 0, 0, 0]
