n = 200
v = 250
λ = 280.5011952308177
λ_0 = 438.49069154276225 (без учёта столкновений со стенками)
столкновений со стенками за секунду: 56.894000000000005
столкновений между собой за секунду: 50.506
время: 600
средняя скорость: 221.46481187015783
наиболее вероятная скорость: 186.25
P: 276.83013583823436
nmax: 32648
[0, 92, 673, 1036, 2026, 1671, 1433, 3204, 3441, 3455, 3314, 4232, 4247, 5370, 4166, 6167, 4573, 7369, 7406, 6363, 7404, 8290, 8507, 8309, 8338, 10354, 8356, 9518, 8703, 9489, 11111, 10817, 11629, 10719, 12864, 11623, 12600, 13285, 12624, 12806, 15332, 14848, 13656, 14375, 14454, 16016, 13792, 15928, 15345, 16873, 17576, 19472, 17310, 16919, 16661, 18504, 16596, 20027, 19579, 21080, 20524, 21219, 21750, 19907, 18093, 23587, 21370, 20349, 21753, 22365, 22684, 22408, 22131, 24298, 21993, 23309, 24302, 24974, 22286, 26764, 23238, 25837, 27500, 26470, 24015, 25125, 25964, 25386, 26114, 25665, 25377, 25183, 26626, 26407, 25938, 26899, 26072, 26576, 27778, 27807, 28659, 28747, 28123, 29481, 31100, 32045, 30324, 29378, 28351, 28944, 30691, 25766, 28914, 30504, 28443, 27647, 30956, 28311, 29970, 31459, 30236, 30966, 29881, 29903, 29378, 28432, 32208, 29840, 29278, 29987, 32628, 31885, 30522, 31939, 32053, 32303, 30411, 31150, 29476, 31615, 30355, 31761, 30657, 31312, 30672, 31928, 30083, 29508, 32603, 32649, 30788, 30402, 30691, 30361, 31026, 29676, 32568, 30132, 31974, 27837, 29397, 29854, 29817, 29346, 30281, 28217, 29276, 29142, 29198, 31016, 30436, 29699, 30456, 26645, 27695, 28690, 28254, 27321, 28800, 28836, 27635, 29322, 28602, 28539, 30042, 28604, 27515, 27936, 28608, 28843, 27045, 27740, 28533, 27089, 26896, 27600, 27731, 28654, 28729, 27198, 25546, 26636, 25326, 26953, 26497, 25681, 26163, 24028, 24644, 26284, 26584, 25363, 23366, 24797, 24517, 25387, 24123, 25211, 22596, 22655, 25058, 22015, 21825, 23083, 24705, 23728, 23172, 22017, 23311, 22478, 21999, 22639, 22719, 21170, 21412, 20781, 20184, 20701, 20493, 21628, 20323, 21438, 19715, 19867, 19957, 19943, 18098, 17724, 20007, 19005, 19130, 18258, 18149, 18612, 19215, 18372, 18075, 17830, 17435, 18080, 16649, 16004, 16451, 16685, 17347, 16003, 15355, 16218, 14687, 15253, 16405, 15438, 14247, 15596, 14769, 15159, 14498, 14668, 14982, 13550, 12900, 14205, 15062, 14392, 13480, 12987, 12049, 12058, 13042, 13879, 11765, 12333, 12408, 12084, 11382, 12512, 11396, 11315, 11885, 12123, 11501, 11467, 11209, 10845, 11965, 11458, 9732, 10216, 9310, 9892, 10482, 9310, 9750, 9311, 9235, 9869, 9280, 9082, 7607, 8912, 8804, 8828, 9365, 8048, 8859, 8902, 8945, 7754, 8571, 7255, 7898, 6917, 7563, 8291, 7388, 7798, 6521, 6535, 7582, 7606, 7019, 7135, 5669, 6893, 6870, 6893, 5923, 5850, 6155, 6169, 5518, 6021, 5972, 5572, 5995, 5517, 5840, 4979, 4469, 4767, 5114, 5169, 4748, 4808, 4434, 5482, 4541, 4389, 4612, 4223, 4948, 4309, 4451, 3964, 4375, 4155, 4085, 3633, 3556, 4425, 3817, 4019, 3417, 3875, 3421, 3636, 3131, 3688, 3309, 3135, 3287, 3369, 2913, 3145, 3096, 3094, 3212, 2483, 2382, 2389, 2256, 2737, 2137, 2854, 2256, 2476, 2344, 2025, 2242, 2346, 2202, 2108, 2600, 2080, 2403, 2341, 1931, 2041, 1799, 1540, 2388, 1423, 1737, 2045, 1563, 1360, 1359, 1555, 1395, 1869, 1703, 1349, 1641, 1602, 1376, 1655, 1378, 1495, 1186, 1410, 996, 1278, 1175, 1212, 839, 1276, 1212, 1373, 969, 907, 1230, 1255, 1148, 1122, 704, 935, 1005, 1000, 873, 777, 1125, 839, 857, 613, 801, 621, 723, 973, 872, 722, 504, 622, 676, 707, 530, 792, 486, 542, 463, 497, 615, 574, 536, 434, 452, 512, 614, 399, 507, 524, 321, 422, 441, 262, 582, 316, 491, 556, 332, 378, 342, 293, 490, 493, 297, 229, 361, 210, 192, 217, 321, 212, 216, 259, 225, 272, 349, 163, 167, 212, 202, 160, 202, 197, 217, 190, 179, 117, 210, 328, 173, 213, 173, 222, 155, 161, 177, 60, 228, 168, 210, 300, 126, 64, 86, 134, 79, 90, 65, 216, 131, 137, 126, 134, 155, 112, 148, 68, 58, 63, 94, 32, 111, 54, 82, 79, 56, 42, 93, 24, 68, 34, 17, 133, 41, 66, 120, 9, 18, 29, 70, 0, 28, 3, 9, 6, 12, 26, 71, 26, 64, 27, 12, 9, 37, 0, 0, 15, 3, 36, 0, 3, 13, 14, 13, 13, 0, 48, 6, 6, 14, 15, 14, 13, 14, 12, 15, 43, 29, 44, 7, 0, 0, 0, 0, 0, 2, 3, 23, 0, 0, 10, 3, 4, 0, 19, 0, 0, 11, 11, 4, 0, 0, 12, 0, 10, 0, 6, 0, 0, 0, 3, 0, 0, 0, 10, 0, 0, 0, 0, 0, 7, 0, 19, 0, 0, 8, 0, 1, 0, 0, 0, 0, 0, 0, 0, 0, 0, 0, 0, 0, 3, 0, 1, 0, 0, 7, 0, 0, 0, 0, 0, 0, 0, 0, 0, 0, 0, 0, 0, 0, 0, 0, 0, 0, 0, 0, 0, 0, 0, 0, 0, 0, 0, 0, 0, 0, 0, 0, 0, 0, 0, 0, 0, 0, 0, 0, 0, 0, 0, 0, 0, 0, 0, 0, 0, 0, 0, 0, 0, 0, 0, 0, 0, 0, 0, 0, 0, 0, 0, 0, 0, 0, 0, 0, 0, 0, 0, 0, 0, 0, 0, 0, 0, 0, 0, 0, 0, 0, 0, 0, 0, 0, 0, 0, 0, 0, 0, 0, 0, 0, 0, 0, 0, 0, 0, 0, 0, 0, 0, 0, 0, 0, 0, 0, 0, 0, 0, 0, 0, 0, 0, 0, 0, 0, 0, 0, 0, 0, 0, 0, 0, 0, 0, 0, 0, 0, 0, 0, 0, 0, 0, 0, 0, 0, 0, 0, 0, 0, 0, 0, 0, 0, 0, 0, 0, 0, 0, 0, 0, 0, 0, 0, 0, 0, 0, 0, 0, 0, 0, 0, 0, 0, 0, 0, 0, 0, 0, 0, 0, 0, 0, 0, 0, 0, 0, 0, 0, 0, 0, 0, 0, 0, 0, 0, 0, 0, 0, 0, 0, 0, 0, 0, 0, 0, 0, 0, 0, 0, 0, 0, 0, 0, 0, 0, 0, 0, 0, 0, 0, 0, 0, 0, 0, 0, 0, 0, 0, 0, 0, 0, 0, 0, 0, 0, 0, 0, 0, 0, 0, 0, 0, 0, 0, 0, 0, 0, 0, 0, 0, 0, 0, 0, 0, 0, 0, 0, 0, 0, 0, 0, 0, 0, 0, 0, 0, 0, 0, 0, 0, 0, 0, 0, 0, 0, 0, 0, 0, 0, 0, 0, 0, 0, 0, 0, 0, 0, 0, 0, 0, 0, 0, 0, 0, 0, 0, 0, 0, 0, 0, 0, 0, 0, 0, 0, 0, 0, 0, 0, 0, 0, 0, 0, 0, 0, 0, 0, 0, 0, 0, 0, 0, 0, 0, 0, 0, 0, 0, 0, 0, 0, 0, 0, 0, 0, 0, 0, 0, 0, 0, 0, 0, 0, 0, 0, 0, 0, 0, 0, 0, 0, 0, 0, 0, 0, 0, 0, 0, 0, 0, 0, 0, 0, 0, 0, 0, 0, 0, 0, 0, 0, 0, 0, 0, 0, 0, 0, 0, 0, 0, 0, 0, 0, 0, 0, 0, 0, 0, 0, 0, 0, 0, 0, 0, 0, 0, 0, 0, 0, 0, 0, 0, 0, 0, 0, 0, 0, 0, 0, 0, 0, 0, 0, 0, 0, 0, 0, 0, 0, 0, 0, 0, 0, 0, 0, 0, 0, 0, 0, 0, 0, 0, 0, 0, 0, 0, 0, 0, 0, 0, 0, 0, 0, 0, 0, 0, 0, 0, 0, 0, 0, 0, 0, 0, 0, 0, 0, 0, 0, 0, 0, 0, 0, 0, 0, 0, 0, 0, 0, 0, 0, 0, 0, 0, 0, 0, 0, 0, 0, 0, 0, 0, 0, 0, 0, 0, 0, 0, 0, 0, 0, 0, 0, 0, 0, 0, 0, 0, 0, 0, 0, 0, 0, 0, 0, 0, 0, 0, 0, 0, 0, 0, 0, 0, 0, 0, 0, 0, 0, 0, 0, 0, 0, 0, 0, 0, 0, 0, 0, 0, 0, 0, 0, 0, 0, 0, 0, 0, 0, 0, 0, 0, 0, 0, 0, 0, 0, 0, 0, 0, 0, 0, 0, 0, 0, 0, 0, 0, 0, 0, 0, 0, 0, 0, 0, 0, 0, 0, 0, 0, 0, 0, 0, 0, 0, 0, 0, 0, 0, 0, 0, 0, 0, 0, 0, 0, 0, 0, 0, 0, 0, 0, 0, 0, 0, 0, 0, 0, 0, 0, 0, 0, 0, 0, 0, 0, 0, 0, 0, 0, 0, 0, 0, 0, 0, 0, 0, 0, 0, 0, 0, 0, 0, 0, 0, 0, 0, 0, 0, 0, 0, 0, 0, 0, 0, 0, 0, 0, 0, 0, 0, 0, 0, 0, 0, 0, 0, 0, 0, 0, 0, 0, 0, 0, 0, 0, 0, 0, 0, 0, 0, 0, 0, 0, 0, 0, 0, 0, 0, 0, 0, 0, 0, 0, 0, 0, 0, 0, 0, 0, 0, 0, 0, 0, 0, 0, 0, 0, 0, 0, 0, 0, 0, 0, 0, 0, 0, 0, 0, 0, 0, 0, 0, 0, 0, 0, 0, 0, 0, 0, 0, 0, 0, 0, 0, 0, 0, 0, 0, 0, 0, 0, 0, 0, 0, 0, 0, 0, 0, 0, 0, 0, 0, 0, 0, 0, 0, 0, 0, 0, 0, 0, 0, 0, 0, 0, 0, 0, 0, 0, 0, 0, 0, 0, 0, 0, 0, 0, 0, 0, 0, 0, 0, 0, 0, 0, 0, 0, 0, 0, 0, 0, 0, 0, 0, 0, 0, 0, 0, 0, 0, 0, 0, 0, 0, 0, 0, 0, 0, 0, 0, 0, 0, 0, 0, 0, 0, 0, 0, 0, 0, 0, 0, 0, 0, 0, 0, 0, 0, 0, 0, 0, 0, 0, 0, 0, 0, 0, 0, 0, 0, 0, 0, 0, 0, 0, 0, 0, 0, 0, 0, 0, 0, 0, 0, 0, 0, 0, 0, 0, 0, 0, 0, 0, 0, 0, 0, 0, 0, 0, 0, 0, 0, 0, 0, 0, 0, 0, 0, 0, 0, 0, 0, 0, 0, 0, 0, 0, 0, 0, 0, 0, 0, 0, 0, 0, 0, 0, 0, 0, 0, 0, 0, 0, 0, 0, 0, 0, 0, 0, 0, 0, 0, 0, 0, 0, 0, 0, 0, 0, 0, 0, 0, 0, 0, 0, 0, 0, 0, 0, 0, 0, 0, 0, 0, 0, 0, 0, 0, 0]
