n = 300
v = 200
λ = 212.79591550267992
λ_0 = 293.1212775318951 (без учёта столкновений со стенками)
столкновений со стенками за секунду: 68.53933333333333
столкновений между собой за секунду: 90.78633333333333
время: 600
средняя скорость: 177.40918503100409
наиболее вероятная скорость: 145.0
P: 332.64257511378923
nmax: 61965
[103, 1298, 1705, 2949, 3179, 4865, 4508, 5450, 6496, 7144, 7033, 9336, 9576, 10846, 12200, 12413, 13060, 14175, 13594, 15160, 15950, 16723, 16563, 18540, 20757, 18182, 22523, 20803, 22361, 23760, 23907, 25489, 25071, 23526, 25152, 28456, 30389, 27690, 29593, 33305, 31030, 34639, 29608, 34703, 35172, 35363, 33334, 37786, 34782, 37324, 36995, 39234, 39778, 40397, 41275, 39127, 41636, 41874, 43340, 42475, 43238, 44300, 41797, 47020, 43634, 44869, 47640, 49055, 47479, 52775, 48482, 50120, 49059, 53795, 50545, 49433, 49484, 51619, 53099, 52049, 53777, 52171, 51837, 53826, 55896, 56251, 56060, 54983, 57158, 54667, 54847, 56147, 56011, 57227, 55042, 56062, 56279, 56808, 56730, 54517, 56281, 59781, 58741, 54216, 55844, 59068, 58267, 54709, 59071, 57431, 60056, 60794, 58800, 57879, 55071, 58942, 61967, 57315, 57515, 59211, 56297, 54603, 58612, 57942, 56655, 55632, 54636, 57688, 59369, 56889, 59190, 57146, 55368, 54371, 53734, 53417, 56472, 56487, 56965, 54553, 57904, 54251, 57335, 53898, 55347, 55734, 53373, 51518, 54279, 53754, 52802, 54693, 54236, 52418, 51711, 53239, 50898, 49349, 48582, 50032, 50089, 50789, 49128, 49949, 49280, 50015, 46498, 46488, 48205, 44061, 46208, 48293, 43584, 43529, 43143, 46753, 43754, 43773, 45998, 42439, 42284, 42757, 42750, 40735, 41259, 41036, 42991, 40536, 37071, 39347, 39055, 38968, 38272, 39188, 38037, 37274, 38259, 36592, 35947, 34917, 35968, 33903, 34817, 33739, 34115, 34777, 33494, 31885, 31404, 31197, 31914, 30605, 28429, 32108, 29542, 30396, 30183, 29218, 26991, 28436, 27079, 28889, 28613, 26378, 26845, 25995, 25743, 26410, 26453, 24788, 24193, 22603, 23744, 25057, 24636, 21477, 23539, 22338, 22022, 20622, 21367, 20664, 19837, 19946, 18512, 20141, 20287, 19162, 20160, 19207, 16908, 17272, 17632, 16986, 18207, 16250, 17254, 16390, 16973, 15027, 16418, 16330, 15106, 14587, 15050, 13203, 14072, 13730, 14213, 12747, 14492, 12961, 13170, 12552, 12213, 12561, 12384, 11077, 11999, 11598, 10545, 9838, 9634, 11457, 10298, 10365, 10977, 10197, 9459, 10278, 9313, 8359, 9334, 8819, 8515, 8148, 7425, 7525, 8172, 8007, 7342, 7660, 7784, 7798, 7078, 7480, 6419, 6835, 6865, 6281, 6367, 6060, 5624, 5857, 5780, 5706, 5099, 4850, 5638, 4930, 4992, 4449, 5424, 4625, 4452, 4008, 4293, 4041, 4245, 4101, 3879, 3575, 4048, 3858, 3325, 3480, 3370, 3371, 3396, 2892, 3148, 3041, 2783, 2945, 3170, 2496, 2789, 2546, 2754, 2579, 2272, 2657, 2426, 2249, 2006, 1831, 2098, 2098, 1985, 1905, 1613, 1437, 1727, 1568, 1568, 1861, 1773, 1725, 1584, 1452, 1550, 1428, 1271, 1201, 1203, 1138, 1226, 1224, 945, 917, 936, 1226, 883, 1071, 935, 959, 1043, 856, 643, 775, 788, 816, 817, 941, 1044, 671, 830, 774, 907, 943, 679, 666, 547, 428, 677, 525, 585, 364, 449, 523, 349, 407, 512, 287, 388, 485, 315, 423, 523, 380, 495, 256, 370, 429, 247, 261, 389, 171, 236, 210, 232, 153, 236, 164, 241, 308, 272, 141, 292, 267, 201, 206, 208, 139, 127, 149, 150, 45, 115, 61, 100, 126, 95, 127, 102, 142, 137, 111, 45, 62, 196, 110, 79, 67, 49, 55, 93, 92, 112, 39, 33, 38, 54, 75, 38, 34, 32, 24, 59, 54, 81, 57, 0, 20, 22, 62, 4, 11, 10, 61, 17, 14, 1, 39, 9, 23, 13, 24, 43, 59, 28, 3, 0, 23, 12, 15, 18, 8, 45, 12, 35, 5, 0, 0, 0, 23, 0, 0, 19, 11, 2, 45, 11, 0, 3, 20, 3, 51, 0, 0, 9, 5, 20, 18, 0, 0, 0, 0, 0, 19, 0, 0, 0, 1, 1, 0, 2, 0, 0, 0, 0, 1, 0, 17, 10, 0, 3, 0, 0, 0, 0, 0, 0, 0, 0, 0, 0, 0, 0, 11, 0, 0, 0, 0, 0, 0, 0, 0, 0, 0, 0, 0, 0, 0, 0, 0, 0, 0, 0, 0, 0, 0, 0, 0, 0, 0, 0, 0, 0, 0, 0, 0, 0, 0, 0, 0, 0, 0, 0, 0, 0, 0, 0, 0, 0, 0, 0, 0, 0, 0, 0, 0, 0, 0, 0, 0, 0, 0, 0, 0, 0, 0, 0, 0, 0, 0, 0, 0, 0, 0, 0, 0, 0, 0, 0, 0, 0, 0, 0, 0, 0, 0, 0, 0, 0, 0, 0, 0, 0, 0, 0, 0, 0, 0, 0, 0, 0, 0, 0, 0, 0, 0, 0, 0, 0, 0, 0, 0, 0, 0, 0, 0, 0, 0, 0, 0, 0, 0, 0, 0, 0, 0, 0, 0, 0, 0, 0, 0, 0, 0, 0, 0, 0, 0, 0, 0, 0, 0, 0, 0, 0, 0, 0, 0, 0, 0, 0, 0, 0, 0, 0, 0, 0, 0, 0, 0, 0, 0, 0, 0, 0, 0, 0, 0, 0, 0, 0, 0, 0, 0, 0, 0, 0, 0, 0, 0, 0, 0, 0, 0, 0, 0, 0, 0, 0, 0, 0, 0, 0, 0, 0, 0, 0, 0, 0, 0, 0, 0, 0, 0, 0, 0, 0, 0, 0, 0, 0, 0, 0, 0, 0, 0, 0, 0, 0, 0, 0, 0, 0, 0, 0, 0, 0, 0, 0, 0, 0, 0, 0, 0, 0, 0, 0, 0, 0, 0, 0, 0, 0, 0, 0, 0, 0, 0, 0, 0, 0, 0, 0, 0, 0, 0, 0, 0, 0, 0, 0, 0, 0, 0, 0, 0, 0, 0, 0, 0, 0, 0, 0, 0, 0, 0, 0, 0, 0, 0, 0, 0, 0, 0, 0, 0, 0, 0, 0, 0, 0, 0, 0, 0, 0, 0, 0, 0, 0, 0, 0, 0, 0, 0, 0, 0, 0, 0, 0, 0, 0, 0, 0, 0, 0, 0, 0, 0, 0, 0, 0, 0, 0, 0, 0, 0, 0, 0, 0, 0, 0, 0, 0, 0, 0, 0, 0, 0, 0, 0, 0, 0, 0, 0, 0, 0, 0, 0, 0, 0, 0, 0, 0, 0, 0, 0, 0, 0, 0, 0, 0, 0, 0, 0, 0, 0, 0, 0, 0, 0, 0, 0, 0, 0, 0, 0, 0, 0, 0, 0, 0, 0, 0, 0, 0, 0, 0, 0, 0, 0, 0, 0, 0, 0, 0, 0, 0, 0, 0, 0, 0, 0, 0, 0, 0, 0, 0, 0, 0, 0, 0, 0, 0, 0, 0, 0, 0, 0, 0, 0, 0, 0, 0, 0, 0, 0, 0, 0, 0, 0, 0, 0, 0, 0, 0, 0, 0, 0, 0, 0, 0, 0, 0, 0, 0, 0, 0, 0, 0, 0, 0, 0, 0, 0, 0, 0, 0, 0, 0, 0, 0, 0, 0, 0, 0, 0, 0, 0, 0, 0, 0, 0, 0, 0, 0, 0, 0, 0, 0, 0, 0, 0, 0, 0, 0, 0, 0, 0, 0, 0, 0, 0, 0, 0, 0, 0, 0, 0, 0, 0, 0, 0, 0, 0, 0, 0, 0, 0, 0, 0, 0, 0, 0, 0, 0, 0, 0, 0, 0, 0, 0, 0, 0, 0, 0, 0, 0, 0, 0, 0, 0, 0, 0, 0, 0, 0, 0, 0, 0, 0, 0, 0, 0, 0, 0, 0, 0, 0, 0, 0, 0, 0, 0, 0, 0, 0, 0, 0, 0, 0, 0, 0, 0, 0, 0, 0, 0, 0, 0, 0, 0, 0, 0, 0, 0, 0, 0, 0, 0, 0, 0, 0, 0, 0, 0, 0, 0, 0, 0, 0, 0, 0, 0, 0, 0, 0, 0, 0, 0, 0, 0, 0, 0, 0, 0, 0, 0, 0, 0, 0, 0, 0, 0, 0, 0, 0, 0, 0, 0, 0, 0, 0, 0, 0, 0, 0, 0, 0, 0, 0, 0, 0, 0, 0, 0, 0, 0, 0, 0, 0, 0, 0, 0, 0, 0, 0, 0, 0, 0, 0, 0, 0, 0, 0, 0, 0, 0, 0, 0, 0, 0, 0, 0, 0, 0, 0, 0, 0, 0, 0, 0, 0, 0, 0, 0, 0, 0, 0, 0, 0, 0, 0, 0, 0, 0, 0, 0, 0, 0, 0, 0, 0, 0, 0, 0, 0, 0, 0, 0, 0, 0, 0, 0, 0, 0, 0, 0, 0, 0, 0, 0, 0, 0, 0, 0, 0, 0, 0, 0, 0, 0, 0, 0, 0, 0, 0, 0, 0, 0, 0, 0, 0, 0, 0, 0, 0, 0, 0, 0, 0, 0, 0, 0, 0, 0, 0, 0, 0, 0, 0, 0, 0, 0, 0, 0, 0, 0, 0, 0, 0, 0, 0, 0, 0, 0, 0, 0, 0, 0, 0, 0, 0, 0, 0, 0, 0, 0, 0, 0, 0, 0, 0, 0, 0, 0, 0, 0, 0, 0, 0, 0, 0, 0, 0, 0, 0, 0, 0, 0, 0, 0, 0, 0, 0, 0, 0, 0, 0, 0, 0, 0, 0, 0, 0, 0, 0, 0, 0, 0, 0, 0, 0, 0, 0, 0, 0, 0, 0, 0, 0, 0, 0, 0, 0, 0, 0, 0, 0, 0, 0, 0, 0, 0, 0, 0, 0, 0, 0, 0, 0, 0, 0, 0, 0, 0, 0, 0, 0, 0, 0, 0, 0, 0, 0, 0, 0, 0, 0, 0, 0, 0, 0, 0, 0, 0, 0, 0, 0, 0, 0, 0, 0, 0, 0, 0, 0, 0, 0, 0, 0, 0, 0, 0, 0, 0, 0, 0, 0, 0, 0, 0, 0, 0, 0, 0, 0, 0, 0, 0, 0, 0, 0, 0, 0, 0, 0, 0, 0, 0, 0, 0, 0, 0, 0, 0, 0, 0, 0, 0, 0, 0, 0, 0, 0, 0, 0, 0, 0, 0, 0, 0, 0, 0, 0, 0, 0, 0, 0, 0, 0, 0, 0, 0, 0, 0, 0, 0, 0, 0, 0, 0, 0, 0, 0, 0, 0, 0, 0, 0, 0, 0, 0, 0, 0, 0, 0, 0, 0, 0, 0, 0, 0, 0, 0, 0, 0, 0, 0, 0, 0, 0, 0, 0, 0, 0, 0, 0, 0, 0, 0, 0, 0, 0, 0, 0, 0, 0, 0, 0, 0, 0, 0, 0, 0, 0, 0, 0, 0, 0, 0, 0, 0, 0, 0, 0, 0, 0, 0, 0, 0, 0, 0, 0, 0]
