n = 200
v = 200
λ = 282.1134357687409
λ_0 = 442.7566691532329 (без учёта столкновений со стенками)
столкновений со стенками за секунду: 45.618
столкновений между собой за секунду: 40.056
время: 600
средняя скорость: 177.34988077064517
наиболее вероятная скорость: 152.5
P: 221.6882642450237
nmax: 42650
[141, 683, 817, 1721, 1873, 3049, 3285, 3700, 5527, 5569, 5205, 5809, 7290, 7159, 6480, 9813, 8936, 8262, 10921, 10464, 10591, 11928, 11682, 13634, 12989, 12318, 14162, 16850, 14778, 15068, 13853, 17500, 17571, 16799, 16837, 19767, 18697, 20876, 21079, 22793, 19836, 21038, 23339, 23558, 22556, 22470, 25154, 23530, 25615, 26272, 25294, 24146, 24728, 23669, 28637, 26396, 29084, 27155, 29288, 30301, 28719, 30772, 28554, 30187, 29165, 32201, 31338, 30349, 32357, 32807, 31111, 29413, 34413, 33720, 31577, 30571, 33665, 36121, 34254, 32800, 36511, 34408, 34244, 35311, 37524, 33581, 37983, 35163, 34753, 38949, 34509, 38351, 40515, 36108, 37320, 40717, 36712, 39546, 33356, 37305, 38296, 38490, 39658, 39802, 36657, 36978, 37085, 33841, 37739, 38353, 38385, 37927, 37247, 41350, 35153, 39319, 39563, 37419, 38119, 38682, 40775, 40069, 42651, 37541, 36640, 40656, 40049, 39037, 37301, 37144, 39914, 38115, 37764, 39993, 38353, 37575, 35348, 39680, 36534, 36638, 36786, 36329, 37609, 36145, 37902, 38401, 33835, 34918, 35150, 37747, 35363, 35014, 33837, 32527, 34151, 31996, 34484, 32861, 33259, 32600, 33660, 33241, 32528, 31625, 35019, 32858, 36133, 33621, 29403, 33204, 33316, 30672, 31070, 30292, 29960, 29482, 28450, 27146, 27660, 28786, 28728, 28275, 26801, 27715, 26203, 28368, 27467, 27419, 26653, 27567, 26319, 25195, 24963, 24860, 24207, 25093, 23428, 24518, 25154, 23662, 23881, 23723, 24311, 24821, 22029, 23290, 22016, 21452, 22094, 19832, 21506, 20106, 21700, 20201, 20959, 20088, 19683, 19860, 18984, 19954, 18254, 20468, 17285, 19802, 17177, 15905, 17876, 17661, 18543, 16311, 16870, 15831, 16042, 15310, 14950, 16189, 14253, 14643, 13577, 15408, 13330, 14059, 12632, 14288, 13957, 13127, 12459, 12723, 11970, 11768, 12731, 11787, 11587, 11324, 9954, 11265, 10244, 9838, 11280, 11234, 10270, 10509, 10384, 10039, 9431, 9767, 9676, 9112, 8650, 8892, 7806, 8228, 8916, 8722, 10041, 7731, 8094, 7364, 6724, 6703, 7390, 6745, 6979, 6803, 6408, 6390, 6749, 5807, 5615, 6289, 6324, 6238, 6499, 6817, 5037, 6131, 6616, 5150, 4700, 4575, 4594, 4542, 4351, 5051, 4011, 4590, 3845, 4222, 4951, 4491, 4122, 4680, 3518, 3781, 3501, 3298, 3379, 3466, 3849, 3546, 2820, 4556, 3071, 2917, 3266, 3135, 2675, 2664, 2832, 3102, 2919, 2635, 2949, 2848, 2451, 2386, 2528, 2167, 2425, 2123, 1997, 1950, 1776, 1968, 1320, 2370, 1901, 1941, 1548, 1839, 1391, 1830, 1553, 1685, 1510, 1176, 1608, 1458, 1024, 1483, 1228, 1308, 1432, 1571, 1123, 1130, 1021, 1131, 735, 1049, 1174, 989, 767, 784, 999, 898, 939, 580, 557, 534, 874, 698, 643, 855, 764, 404, 473, 796, 461, 289, 697, 451, 660, 477, 418, 426, 501, 350, 474, 534, 433, 579, 257, 354, 279, 271, 283, 184, 154, 335, 299, 311, 287, 325, 295, 378, 184, 240, 371, 206, 160, 316, 189, 153, 115, 207, 245, 208, 258, 217, 151, 171, 114, 177, 57, 139, 280, 52, 86, 21, 87, 225, 105, 36, 156, 59, 141, 105, 79, 62, 83, 174, 45, 15, 58, 63, 93, 64, 81, 120, 151, 50, 80, 12, 61, 62, 15, 101, 39, 165, 19, 75, 36, 55, 76, 66, 2, 41, 117, 66, 20, 52, 43, 31, 75, 58, 28, 37, 0, 22, 8, 19, 9, 37, 2, 13, 82, 32, 12, 21, 0, 0, 0, 0, 77, 49, 13, 1, 35, 13, 0, 7, 0, 53, 18, 25, 7, 1, 0, 14, 0, 3, 0, 3, 0, 0, 0, 0, 0, 22, 0, 0, 0, 0, 0, 0, 0, 2, 0, 1, 0, 0, 27, 0, 0, 26, 0, 0, 0, 0, 0, 33, 0, 0, 0, 0, 0, 0, 0, 0, 0, 6, 0, 0, 0, 0, 0, 0, 0, 0, 0, 0, 0, 0, 0, 0, 0, 0, 0, 0, 0, 0, 0, 0, 0, 0, 0, 0, 0, 0, 0, 0, 0, 0, 3, 0, 0, 0, 0, 0, 0, 0, 0, 0, 0, 0, 0, 0, 0, 0, 0, 0, 0, 0, 0, 0, 0, 0, 0, 0, 0, 0, 0, 0, 0, 0, 0, 0, 0, 0, 0, 0, 0, 0, 0, 0, 0, 0, 0, 0, 0, 0, 0, 0, 0, 0, 0, 0, 0, 0, 0, 0, 0, 0, 0, 0, 0, 0, 0, 0, 0, 0, 0, 0, 0, 0, 0, 0, 0, 0, 0, 0, 0, 0, 0, 0, 0, 0, 0, 0, 0, 0, 0, 0, 0, 0, 0, 0, 0, 0, 0, 0, 0, 0, 0, 0, 0, 0, 0, 0, 0, 0, 0, 0, 0, 0, 0, 0, 0, 0, 0, 0, 0, 0, 0, 0, 0, 0, 0, 0, 0, 0, 0, 0, 0, 0, 0, 0, 0, 0, 0, 0, 0, 0, 0, 0, 0, 0, 0, 0, 0, 0, 0, 0, 0, 0, 0, 0, 0, 0, 0, 0, 0, 0, 0, 0, 0, 0, 0, 0, 0, 0, 0, 0, 0, 0, 0, 0, 0, 0, 0, 0, 0, 0, 0, 0, 0, 0, 0, 0, 0, 0, 0, 0, 0, 0, 0, 0, 0, 0, 0, 0, 0, 0, 0, 0, 0, 0, 0, 0, 0, 0, 0, 0, 0, 0, 0, 0, 0, 0, 0, 0, 0, 0, 0, 0, 0, 0, 0, 0, 0, 0, 0, 0, 0, 0, 0, 0, 0, 0, 0, 0, 0, 0, 0, 0, 0, 0, 0, 0, 0, 0, 0, 0, 0, 0, 0, 0, 0, 0, 0, 0, 0, 0, 0, 0, 0, 0, 0, 0, 0, 0, 0, 0, 0, 0, 0, 0, 0, 0, 0, 0, 0, 0, 0, 0, 0, 0, 0, 0, 0, 0, 0, 0, 0, 0, 0, 0, 0, 0, 0, 0, 0, 0, 0, 0, 0, 0, 0, 0, 0, 0, 0, 0, 0, 0, 0, 0, 0, 0, 0, 0, 0, 0, 0, 0, 0, 0, 0, 0, 0, 0, 0, 0, 0, 0, 0, 0, 0, 0, 0, 0, 0, 0, 0, 0, 0, 0, 0, 0, 0, 0, 0, 0, 0, 0, 0, 0, 0, 0, 0, 0, 0, 0, 0, 0, 0, 0, 0, 0, 0, 0, 0, 0, 0, 0, 0, 0, 0, 0, 0, 0, 0, 0, 0, 0, 0, 0, 0, 0, 0, 0, 0, 0, 0, 0, 0, 0, 0, 0, 0, 0, 0, 0, 0, 0, 0, 0, 0, 0, 0, 0, 0, 0, 0, 0, 0, 0, 0, 0, 0, 0, 0, 0, 0, 0, 0, 0, 0, 0, 0, 0, 0, 0, 0, 0, 0, 0, 0, 0, 0, 0, 0, 0, 0, 0, 0, 0, 0, 0, 0, 0, 0, 0, 0, 0, 0, 0, 0, 0, 0, 0, 0, 0, 0, 0, 0, 0, 0, 0, 0, 0, 0, 0, 0, 0, 0, 0, 0, 0, 0, 0, 0, 0, 0, 0, 0, 0, 0, 0, 0, 0, 0, 0, 0, 0, 0, 0, 0, 0, 0, 0, 0, 0, 0, 0, 0, 0, 0, 0, 0, 0, 0, 0, 0, 0, 0, 0, 0, 0, 0, 0, 0, 0, 0, 0, 0, 0, 0, 0, 0, 0, 0, 0, 0, 0, 0, 0, 0, 0, 0, 0, 0, 0, 0, 0, 0, 0, 0, 0, 0, 0, 0, 0, 0, 0, 0, 0, 0, 0, 0, 0, 0, 0, 0, 0, 0, 0, 0, 0, 0, 0, 0, 0, 0, 0, 0, 0, 0, 0, 0, 0, 0, 0, 0, 0, 0, 0, 0, 0, 0, 0, 0, 0, 0, 0, 0, 0, 0, 0, 0, 0, 0, 0, 0, 0, 0, 0, 0, 0, 0, 0, 0, 0, 0, 0, 0, 0, 0, 0, 0, 0, 0, 0, 0, 0, 0, 0, 0, 0, 0, 0, 0, 0, 0, 0, 0, 0, 0, 0, 0, 0, 0, 0, 0, 0, 0, 0, 0, 0, 0, 0, 0, 0, 0, 0, 0, 0, 0, 0, 0, 0, 0, 0, 0, 0, 0, 0, 0, 0, 0, 0, 0, 0, 0, 0, 0, 0, 0, 0, 0, 0, 0, 0, 0, 0, 0, 0, 0, 0, 0, 0, 0, 0, 0, 0, 0, 0, 0, 0, 0, 0, 0, 0, 0, 0, 0, 0, 0, 0, 0, 0, 0, 0, 0, 0, 0, 0, 0, 0, 0, 0, 0, 0, 0, 0, 0, 0, 0, 0, 0, 0, 0, 0, 0, 0, 0, 0, 0, 0, 0, 0, 0, 0, 0, 0, 0, 0, 0, 0, 0, 0, 0, 0, 0, 0, 0, 0, 0, 0, 0, 0, 0, 0, 0, 0, 0, 0, 0, 0, 0, 0, 0, 0, 0, 0, 0, 0, 0, 0, 0, 0, 0, 0, 0, 0, 0, 0, 0, 0, 0, 0, 0, 0, 0, 0, 0, 0, 0, 0, 0, 0, 0, 0, 0, 0, 0, 0, 0, 0, 0, 0, 0, 0, 0, 0, 0, 0, 0, 0, 0, 0, 0, 0, 0, 0, 0, 0, 0, 0, 0, 0, 0, 0, 0, 0, 0, 0, 0, 0, 0, 0, 0, 0, 0, 0, 0, 0, 0, 0, 0, 0, 0, 0, 0, 0, 0, 0, 0, 0, 0, 0, 0, 0, 0, 0, 0, 0, 0, 0, 0, 0, 0, 0, 0, 0, 0, 0, 0, 0, 0, 0, 0, 0, 0, 0, 0, 0, 0, 0, 0, 0, 0, 0, 0, 0, 0, 0, 0, 0, 0, 0, 0, 0, 0, 0, 0, 0, 0, 0, 0, 0, 0, 0, 0, 0, 0, 0, 0, 0, 0, 0, 0, 0, 0, 0, 0, 0, 0, 0, 0, 0, 0, 0, 0, 0, 0, 0, 0, 0, 0, 0, 0, 0, 0, 0, 0, 0, 0, 0, 0, 0, 0, 0, 0, 0, 0, 0, 0, 0, 0, 0, 0, 0, 0, 0, 0, 0, 0, 0, 0, 0, 0, 0, 0, 0, 0, 0, 0, 0, 0, 0, 0, 0, 0, 0, 0, 0, 0, 0, 0, 0, 0, 0, 0, 0, 0, 0, 0, 0, 0, 0, 0, 0, 0, 0, 0, 0, 0, 0]
