n = 300
v = 150
λ = 213.00214693241313
λ_0 = 293.4571451393513 (без учёта столкновений со стенками)
столкновений со стенками за секунду: 51.38466666666667
столкновений между собой за секунду: 68.01966666666667
время: 600
средняя скорость: 133.07269569199894
наиболее вероятная скорость: 113.75
P: 249.51071491662873
nmax: 80573
[300, 2101, 2897, 3862, 6134, 8364, 9600, 9579, 12181, 12964, 14608, 18425, 17956, 20888, 20244, 22748, 23866, 24510, 25598, 26966, 27964, 29680, 30840, 32119, 35799, 34309, 37332, 40091, 39490, 40650, 40586, 41422, 46202, 45922, 45069, 46797, 47893, 51110, 53209, 51192, 51283, 52548, 57257, 56570, 58749, 56590, 58685, 63210, 59100, 64161, 60885, 61415, 65009, 63750, 69615, 66434, 69313, 71422, 68816, 67421, 69923, 71554, 74391, 72583, 70603, 70679, 76213, 73321, 72136, 77835, 72329, 72968, 76293, 72593, 74658, 71377, 76736, 75932, 72487, 75427, 76445, 77011, 76109, 75818, 79251, 76932, 74963, 74901, 75152, 73225, 77469, 80576, 77009, 75250, 75573, 76052, 78362, 72101, 73084, 76030, 72390, 78100, 72511, 72177, 73757, 72164, 73312, 71278, 76740, 73218, 72939, 70608, 72884, 73968, 69885, 65962, 69063, 71584, 71223, 69232, 67179, 67245, 67645, 62494, 61594, 62441, 61685, 63080, 65299, 61998, 58399, 58793, 59860, 57502, 58820, 56805, 58815, 57811, 55544, 54158, 55929, 54818, 51045, 53032, 49917, 54831, 50689, 49935, 44759, 48976, 46720, 47659, 46819, 43857, 43388, 47888, 45554, 42257, 42479, 39104, 39104, 42329, 42489, 39531, 36622, 37368, 37161, 36390, 34114, 36748, 33052, 33801, 33900, 31663, 31434, 30040, 30847, 28398, 29114, 28553, 28627, 29465, 26678, 28992, 26838, 25299, 25387, 23667, 24909, 21903, 22870, 21813, 22925, 21119, 21817, 21520, 20269, 19922, 19778, 19596, 19262, 17931, 18845, 17708, 17856, 17373, 16598, 15948, 16062, 15548, 14983, 15560, 14230, 12304, 14166, 13251, 11962, 11763, 12617, 10880, 12292, 11845, 11331, 11599, 9489, 10148, 9272, 8709, 9219, 8825, 9349, 9106, 8730, 8324, 7437, 7290, 7646, 7178, 7011, 7286, 6309, 6421, 5945, 6870, 5133, 5208, 5984, 5401, 5197, 4065, 5325, 4703, 5115, 3486, 4806, 3699, 3329, 4115, 3709, 3795, 3537, 3473, 3730, 2757, 2975, 2652, 2562, 2456, 2772, 2035, 2162, 2005, 2654, 2058, 2081, 2151, 2141, 2063, 1961, 1683, 1968, 1723, 1482, 1084, 1694, 1639, 1592, 1644, 1380, 1133, 1279, 1135, 821, 868, 1138, 1288, 803, 825, 593, 863, 965, 763, 891, 595, 810, 547, 548, 592, 527, 650, 650, 417, 523, 457, 463, 334, 484, 440, 313, 385, 256, 254, 218, 208, 234, 299, 264, 141, 135, 187, 213, 141, 242, 241, 145, 124, 47, 152, 164, 82, 214, 171, 170, 154, 77, 40, 216, 199, 127, 155, 47, 177, 171, 69, 32, 44, 72, 26, 84, 60, 93, 38, 72, 95, 64, 87, 79, 8, 27, 11, 48, 12, 26, 114, 13, 10, 4, 3, 38, 16, 0, 13, 0, 0, 0, 24, 0, 44, 15, 9, 40, 0, 10, 16, 2, 17, 11, 29, 0, 0, 32, 0, 0, 3, 5, 0, 0, 7, 0, 0, 12, 5, 0, 0, 1, 0, 0, 7, 0, 24, 0, 13, 0, 0, 0, 0, 0, 2, 16, 0, 0, 0, 19, 0, 29, 2, 0, 0, 0, 0, 0, 0, 0, 0, 0, 0, 0, 0, 0, 0, 0, 0, 0, 0, 0, 0, 0, 0, 0, 0, 0, 0, 0, 0, 0, 0, 0, 0, 0, 0, 0, 0, 0, 0, 0, 0, 0, 0, 0, 0, 0, 0, 0, 0, 0, 0, 0, 0, 0, 0, 0, 0, 0, 0, 0, 0, 0, 0, 0, 0, 0, 0, 0, 0, 0, 0, 0, 0, 0, 0, 0, 0, 0, 0, 0, 0, 0, 0, 0, 0, 0, 0, 0, 0, 0, 0, 0, 0, 0, 0, 0, 0, 0, 0, 0, 0, 0, 0, 0, 0, 0, 0, 0, 0, 0, 0, 0, 0, 0, 0, 0, 0, 0, 0, 0, 0, 0, 0, 0, 0, 0, 0, 0, 0, 0, 0, 0, 0, 0, 0, 0, 0, 0, 0, 0, 0, 0, 0, 0, 0, 0, 0, 0, 0, 0, 0, 0, 0, 0, 0, 0, 0, 0, 0, 0, 0, 0, 0, 0, 0, 0, 0, 0, 0, 0, 0, 0, 0, 0, 0, 0, 0, 0, 0, 0, 0, 0, 0, 0, 0, 0, 0, 0, 0, 0, 0, 0, 0, 0, 0, 0, 0, 0, 0, 0, 0, 0, 0, 0, 0, 0, 0, 0, 0, 0, 0, 0, 0, 0, 0, 0, 0, 0, 0, 0, 0, 0, 0, 0, 0, 0, 0, 0, 0, 0, 0, 0, 0, 0, 0, 0, 0, 0, 0, 0, 0, 0, 0, 0, 0, 0, 0, 0, 0, 0, 0, 0, 0, 0, 0, 0, 0, 0, 0, 0, 0, 0, 0, 0, 0, 0, 0, 0, 0, 0, 0, 0, 0, 0, 0, 0, 0, 0, 0, 0, 0, 0, 0, 0, 0, 0, 0, 0, 0, 0, 0, 0, 0, 0, 0, 0, 0, 0, 0, 0, 0, 0, 0, 0, 0, 0, 0, 0, 0, 0, 0, 0, 0, 0, 0, 0, 0, 0, 0, 0, 0, 0, 0, 0, 0, 0, 0, 0, 0, 0, 0, 0, 0, 0, 0, 0, 0, 0, 0, 0, 0, 0, 0, 0, 0, 0, 0, 0, 0, 0, 0, 0, 0, 0, 0, 0, 0, 0, 0, 0, 0, 0, 0, 0, 0, 0, 0, 0, 0, 0, 0, 0, 0, 0, 0, 0, 0, 0, 0, 0, 0, 0, 0, 0, 0, 0, 0, 0, 0, 0, 0, 0, 0, 0, 0, 0, 0, 0, 0, 0, 0, 0, 0, 0, 0, 0, 0, 0, 0, 0, 0, 0, 0, 0, 0, 0, 0, 0, 0, 0, 0, 0, 0, 0, 0, 0, 0, 0, 0, 0, 0, 0, 0, 0, 0, 0, 0, 0, 0, 0, 0, 0, 0, 0, 0, 0, 0, 0, 0, 0, 0, 0, 0, 0, 0, 0, 0, 0, 0, 0, 0, 0, 0, 0, 0, 0, 0, 0, 0, 0, 0, 0, 0, 0, 0, 0, 0, 0, 0, 0, 0, 0, 0, 0, 0, 0, 0, 0, 0, 0, 0, 0, 0, 0, 0, 0, 0, 0, 0, 0, 0, 0, 0, 0, 0, 0, 0, 0, 0, 0, 0, 0, 0, 0, 0, 0, 0, 0, 0, 0, 0, 0, 0, 0, 0, 0, 0, 0, 0, 0, 0, 0, 0, 0, 0, 0, 0, 0, 0, 0, 0, 0, 0, 0, 0, 0, 0, 0, 0, 0, 0, 0, 0, 0, 0, 0, 0, 0, 0, 0, 0, 0, 0, 0, 0, 0, 0, 0, 0, 0, 0, 0, 0, 0, 0, 0, 0, 0, 0, 0, 0, 0, 0, 0, 0, 0, 0, 0, 0, 0, 0, 0, 0, 0, 0, 0, 0, 0, 0, 0, 0, 0, 0, 0, 0, 0, 0, 0, 0, 0, 0, 0, 0, 0, 0, 0, 0, 0, 0, 0, 0, 0, 0, 0, 0, 0, 0, 0, 0, 0, 0, 0, 0, 0, 0, 0, 0, 0, 0, 0, 0, 0, 0, 0, 0, 0, 0, 0, 0, 0, 0, 0, 0, 0, 0, 0, 0, 0, 0, 0, 0, 0, 0, 0, 0, 0, 0, 0, 0, 0, 0, 0, 0, 0, 0, 0, 0, 0, 0, 0, 0, 0, 0, 0, 0, 0, 0, 0, 0, 0, 0, 0, 0, 0, 0, 0, 0, 0, 0, 0, 0, 0, 0, 0, 0, 0, 0, 0, 0, 0, 0, 0, 0, 0, 0, 0, 0, 0, 0, 0, 0, 0, 0, 0, 0, 0, 0, 0, 0, 0, 0, 0, 0, 0, 0, 0, 0, 0, 0, 0, 0, 0, 0, 0, 0, 0, 0, 0, 0, 0, 0, 0, 0, 0, 0, 0, 0, 0, 0, 0, 0, 0, 0, 0, 0, 0, 0, 0, 0, 0, 0, 0, 0, 0, 0, 0, 0, 0, 0, 0, 0, 0, 0, 0, 0, 0, 0, 0, 0, 0, 0, 0, 0, 0, 0, 0, 0, 0, 0, 0, 0, 0, 0, 0, 0, 0, 0, 0, 0, 0, 0, 0, 0, 0, 0, 0, 0, 0, 0, 0, 0, 0, 0, 0, 0, 0, 0, 0, 0, 0, 0, 0, 0, 0, 0, 0, 0, 0, 0, 0, 0, 0, 0, 0, 0, 0, 0, 0, 0, 0, 0, 0, 0, 0, 0, 0, 0, 0, 0, 0, 0, 0, 0, 0, 0, 0, 0, 0, 0, 0, 0, 0, 0, 0, 0, 0, 0, 0, 0, 0, 0, 0, 0, 0, 0, 0, 0, 0, 0, 0, 0, 0, 0, 0, 0, 0, 0, 0, 0, 0, 0, 0, 0, 0, 0, 0, 0, 0, 0, 0, 0, 0, 0, 0, 0, 0, 0, 0, 0, 0, 0, 0, 0, 0, 0, 0, 0, 0, 0, 0, 0, 0, 0, 0, 0, 0, 0, 0, 0, 0, 0, 0, 0, 0, 0, 0, 0, 0, 0, 0, 0, 0, 0, 0, 0, 0, 0, 0, 0, 0, 0, 0, 0, 0, 0, 0, 0, 0, 0, 0, 0, 0, 0, 0, 0, 0, 0, 0, 0, 0, 0, 0, 0, 0, 0, 0, 0, 0, 0, 0, 0, 0, 0, 0, 0, 0, 0, 0, 0, 0, 0, 0, 0, 0, 0, 0, 0, 0, 0, 0, 0, 0, 0, 0, 0, 0, 0, 0, 0, 0, 0, 0, 0, 0, 0, 0, 0, 0, 0, 0, 0, 0, 0, 0, 0, 0, 0, 0, 0, 0, 0, 0, 0, 0, 0, 0, 0, 0, 0, 0, 0, 0, 0, 0, 0, 0, 0, 0, 0, 0, 0, 0, 0, 0, 0, 0, 0, 0, 0, 0, 0, 0, 0, 0, 0, 0, 0, 0, 0, 0, 0, 0, 0, 0, 0, 0, 0, 0, 0, 0, 0, 0, 0, 0, 0, 0, 0, 0, 0, 0, 0, 0, 0, 0, 0, 0, 0, 0, 0, 0, 0, 0, 0, 0, 0, 0, 0, 0, 0, 0, 0, 0, 0, 0, 0, 0, 0, 0, 0, 0, 0, 0, 0, 0, 0, 0, 0, 0, 0, 0, 0, 0, 0, 0, 0, 0, 0, 0, 0, 0, 0, 0, 0, 0, 0, 0, 0, 0, 0, 0, 0, 0, 0, 0, 0]
