n = 150
v = 200
λ = 336.25712557636524
λ_0 = 592.3116239466126 (без учёта столкновений со стенками)
столкновений со стенками за секунду: 34.20333333333333
столкновений между собой за секунду: 22.458333333333336
время: 600
средняя скорость: 177.36434823819974
наиболее вероятная скорость: 127.5
P: 166.2791485975126
nmax: 31273
[112, 460, 1746, 1246, 1166, 2299, 2602, 2367, 2917, 4397, 3182, 5269, 5594, 5052, 6503, 7407, 6334, 7958, 6701, 8872, 7260, 7102, 8242, 10422, 8568, 12076, 10447, 9320, 10053, 13723, 11093, 13706, 12368, 13817, 15283, 12124, 19370, 14151, 16721, 15473, 17019, 16895, 15021, 16753, 17734, 19041, 18822, 15459, 19063, 19826, 20049, 18409, 17621, 19686, 18179, 20538, 21945, 20513, 22743, 22014, 20412, 21913, 22941, 23150, 21006, 21831, 21468, 24901, 24126, 24278, 24295, 23687, 23125, 25052, 23078, 22729, 23577, 22405, 25230, 28749, 26636, 26449, 25853, 25438, 27125, 26546, 26621, 29072, 26731, 30221, 26279, 30089, 28864, 28218, 25307, 29052, 26809, 29243, 29632, 31270, 25906, 27295, 31275, 28594, 31033, 28201, 27428, 29310, 31233, 28979, 27600, 28846, 28784, 30948, 28957, 30089, 28001, 28187, 27559, 27974, 29284, 29021, 27393, 28953, 30121, 25582, 30516, 28239, 28381, 25613, 28658, 28618, 29562, 27113, 28681, 28372, 29088, 27597, 29894, 26564, 25820, 27363, 26984, 26330, 25590, 27102, 25337, 27432, 28125, 27432, 27418, 26160, 27820, 25780, 25185, 24229, 25026, 25298, 25181, 28142, 26476, 25790, 24152, 25657, 24643, 25133, 24739, 24709, 21037, 23866, 23938, 25290, 20670, 22473, 22161, 22599, 21497, 23204, 22123, 23526, 20442, 22631, 19340, 20003, 22570, 19997, 21026, 20624, 20602, 19735, 18769, 19947, 18460, 19282, 18295, 17267, 18960, 17809, 19967, 18407, 17640, 18128, 18039, 18382, 18384, 15786, 15426, 16718, 16654, 15424, 14315, 13711, 14178, 14185, 14656, 13476, 12229, 13500, 14616, 13409, 14484, 13460, 11245, 13474, 13860, 13534, 11036, 11386, 13562, 12409, 12642, 11720, 12469, 11028, 10801, 11753, 11723, 12007, 12378, 11098, 12643, 10881, 9718, 9839, 11129, 10435, 10301, 10451, 9414, 10314, 8738, 9330, 9846, 9733, 9047, 8788, 8007, 7614, 8624, 6766, 8648, 7239, 7196, 7953, 7077, 7517, 7133, 7712, 6289, 6840, 7341, 7177, 6024, 6485, 6626, 5690, 6380, 5815, 5562, 6072, 5634, 5794, 6275, 5335, 5322, 4903, 4658, 4728, 4080, 4344, 3736, 3199, 3939, 4944, 3827, 4691, 4340, 4296, 3361, 4281, 4189, 5240, 2627, 3923, 3868, 3977, 3310, 3769, 2564, 3035, 2919, 2692, 3312, 2406, 2829, 3176, 2597, 2270, 2795, 3301, 2221, 2892, 1922, 2242, 2850, 2938, 1857, 2045, 2076, 1892, 2033, 1853, 1838, 1621, 1729, 1227, 2234, 1364, 1429, 1244, 1524, 1850, 1313, 1372, 1196, 1143, 1060, 1017, 1788, 1396, 787, 1065, 973, 1267, 749, 1462, 1216, 934, 969, 904, 1109, 1024, 1191, 610, 827, 806, 925, 821, 735, 602, 809, 758, 1056, 691, 502, 759, 781, 522, 446, 331, 698, 509, 456, 487, 316, 716, 462, 436, 390, 501, 760, 360, 420, 379, 450, 355, 277, 414, 483, 225, 232, 313, 127, 195, 131, 361, 389, 225, 221, 226, 98, 348, 157, 346, 346, 252, 251, 83, 286, 158, 209, 222, 183, 140, 222, 172, 144, 114, 101, 157, 59, 91, 43, 77, 118, 171, 31, 39, 149, 49, 60, 78, 84, 0, 0, 126, 91, 48, 80, 39, 28, 63, 25, 125, 37, 1, 49, 23, 13, 31, 47, 42, 83, 42, 0, 0, 25, 8, 6, 13, 40, 31, 18, 19, 43, 4, 22, 3, 13, 9, 6, 6, 12, 26, 7, 3, 0, 0, 10, 9, 47, 24, 0, 48, 0, 25, 0, 0, 11, 0, 0, 0, 0, 0, 29, 0, 0, 0, 0, 0, 32, 6, 0, 0, 0, 1, 0, 0, 0, 0, 5, 0, 0, 0, 0, 0, 0, 0, 0, 0, 0, 0, 0, 0, 0, 0, 0, 0, 0, 0, 10, 0, 0, 0, 22, 0, 0, 0, 0, 0, 0, 0, 0, 0, 0, 0, 0, 0, 0, 0, 0, 0, 0, 0, 0, 0, 0, 0, 0, 0, 0, 0, 0, 0, 0, 0, 0, 0, 0, 0, 0, 0, 0, 0, 0, 0, 0, 0, 0, 0, 0, 0, 0, 0, 0, 0, 0, 0, 0, 0, 0, 0, 0, 0, 0, 0, 0, 0, 0, 0, 0, 0, 0, 0, 0, 0, 0, 0, 0, 0, 0, 0, 0, 0, 0, 0, 0, 0, 0, 0, 0, 0, 0, 0, 0, 0, 0, 0, 0, 0, 0, 0, 0, 0, 0, 0, 0, 0, 0, 0, 0, 0, 0, 0, 0, 0, 0, 0, 0, 0, 0, 0, 0, 0, 0, 0, 0, 0, 0, 0, 0, 0, 0, 0, 0, 0, 0, 0, 0, 0, 0, 0, 0, 0, 0, 0, 0, 0, 0, 0, 0, 0, 0, 0, 0, 0, 0, 0, 0, 0, 0, 0, 0, 0, 0, 0, 0, 0, 0, 0, 0, 0, 0, 0, 0, 0, 0, 0, 0, 0, 0, 0, 0, 0, 0, 0, 0, 0, 0, 0, 0, 0, 0, 0, 0, 0, 0, 0, 0, 0, 0, 0, 0, 0, 0, 0, 0, 0, 0, 0, 0, 0, 0, 0, 0, 0, 0, 0, 0, 0, 0, 0, 0, 0, 0, 0, 0, 0, 0, 0, 0, 0, 0, 0, 0, 0, 0, 0, 0, 0, 0, 0, 0, 0, 0, 0, 0, 0, 0, 0, 0, 0, 0, 0, 0, 0, 0, 0, 0, 0, 0, 0, 0, 0, 0, 0, 0, 0, 0, 0, 0, 0, 0, 0, 0, 0, 0, 0, 0, 0, 0, 0, 0, 0, 0, 0, 0, 0, 0, 0, 0, 0, 0, 0, 0, 0, 0, 0, 0, 0, 0, 0, 0, 0, 0, 0, 0, 0, 0, 0, 0, 0, 0, 0, 0, 0, 0, 0, 0, 0, 0, 0, 0, 0, 0, 0, 0, 0, 0, 0, 0, 0, 0, 0, 0, 0, 0, 0, 0, 0, 0, 0, 0, 0, 0, 0, 0, 0, 0, 0, 0, 0, 0, 0, 0, 0, 0, 0, 0, 0, 0, 0, 0, 0, 0, 0, 0, 0, 0, 0, 0, 0, 0, 0, 0, 0, 0, 0, 0, 0, 0, 0, 0, 0, 0, 0, 0, 0, 0, 0, 0, 0, 0, 0, 0, 0, 0, 0, 0, 0, 0, 0, 0, 0, 0, 0, 0, 0, 0, 0, 0, 0, 0, 0, 0, 0, 0, 0, 0, 0, 0, 0, 0, 0, 0, 0, 0, 0, 0, 0, 0, 0, 0, 0, 0, 0, 0, 0, 0, 0, 0, 0, 0, 0, 0, 0, 0, 0, 0, 0, 0, 0, 0, 0, 0, 0, 0, 0, 0, 0, 0, 0, 0, 0, 0, 0, 0, 0, 0, 0, 0, 0, 0, 0, 0, 0, 0, 0, 0, 0, 0, 0, 0, 0, 0, 0, 0, 0, 0, 0, 0, 0, 0, 0, 0, 0, 0, 0, 0, 0, 0, 0, 0, 0, 0, 0, 0, 0, 0, 0, 0, 0, 0, 0, 0, 0, 0, 0, 0, 0, 0, 0, 0, 0, 0, 0, 0, 0, 0, 0, 0, 0, 0, 0, 0, 0, 0, 0, 0, 0, 0, 0, 0, 0, 0, 0, 0, 0, 0, 0, 0, 0, 0, 0, 0, 0, 0, 0, 0, 0, 0, 0, 0, 0, 0, 0, 0, 0, 0, 0, 0, 0, 0, 0, 0, 0, 0, 0, 0, 0, 0, 0, 0, 0, 0, 0, 0, 0, 0, 0, 0, 0, 0, 0, 0, 0, 0, 0, 0, 0, 0, 0, 0, 0, 0, 0, 0, 0, 0, 0, 0, 0, 0, 0, 0, 0, 0, 0, 0, 0, 0, 0, 0, 0, 0, 0, 0, 0, 0, 0, 0, 0, 0, 0, 0, 0, 0, 0, 0, 0, 0, 0, 0, 0, 0, 0, 0, 0, 0, 0, 0, 0, 0, 0, 0, 0, 0, 0, 0, 0, 0, 0, 0, 0, 0, 0, 0, 0, 0, 0, 0, 0, 0, 0, 0, 0, 0, 0, 0, 0, 0, 0, 0, 0, 0, 0, 0, 0, 0, 0, 0, 0, 0, 0, 0, 0, 0, 0, 0, 0, 0, 0, 0, 0, 0, 0, 0, 0, 0, 0, 0, 0, 0, 0, 0, 0, 0, 0, 0, 0, 0, 0, 0, 0, 0, 0, 0, 0, 0, 0, 0, 0, 0, 0, 0, 0, 0, 0, 0, 0, 0, 0, 0, 0, 0, 0, 0, 0, 0, 0, 0, 0, 0, 0, 0, 0, 0, 0, 0, 0, 0, 0, 0, 0, 0, 0, 0, 0, 0, 0, 0, 0, 0, 0, 0, 0, 0, 0, 0, 0, 0, 0, 0, 0, 0, 0, 0, 0, 0, 0, 0, 0, 0, 0, 0, 0, 0, 0, 0, 0, 0, 0, 0, 0, 0, 0, 0, 0, 0, 0, 0, 0, 0, 0, 0, 0, 0, 0, 0, 0, 0, 0, 0, 0, 0, 0, 0, 0, 0, 0, 0, 0, 0, 0, 0, 0, 0, 0, 0, 0, 0, 0, 0, 0, 0, 0, 0, 0, 0, 0, 0, 0, 0, 0, 0, 0, 0, 0, 0, 0, 0, 0, 0, 0, 0, 0, 0, 0, 0, 0, 0, 0, 0, 0, 0, 0, 0, 0, 0, 0, 0, 0, 0, 0, 0, 0, 0, 0, 0, 0, 0, 0, 0, 0, 0, 0, 0, 0, 0, 0, 0, 0, 0, 0, 0, 0, 0, 0, 0, 0, 0, 0, 0, 0, 0, 0, 0, 0, 0, 0, 0, 0, 0, 0, 0, 0, 0, 0, 0, 0, 0, 0, 0, 0, 0, 0, 0, 0, 0, 0, 0, 0, 0, 0, 0, 0, 0, 0, 0, 0, 0, 0, 0, 0, 0, 0, 0, 0, 0, 0, 0, 0, 0, 0, 0, 0, 0, 0, 0, 0, 0, 0, 0, 0, 0, 0, 0, 0, 0, 0, 0, 0, 0, 0, 0, 0, 0, 0, 0, 0, 0, 0, 0, 0, 0, 0, 0, 0, 0, 0, 0, 0, 0, 0, 0, 0, 0, 0, 0, 0, 0, 0, 0, 0, 0, 0, 0, 0, 0, 0, 0, 0, 0, 0, 0, 0, 0, 0, 0, 0, 0, 0, 0, 0, 0, 0, 0, 0, 0, 0, 0, 0, 0, 0, 0, 0, 0, 0, 0, 0, 0, 0, 0, 0, 0, 0, 0, 0, 0, 0]
