n = 250
v = 300
λ = 242.21428465593976
λ_0 = 351.736103151053 (без учёта столкновений со стенками)
столкновений со стенками за секунду: 85.48166666666667
столкновений между собой за секунду: 94.524
время: 600
средняя скорость: 265.9799619284715
наиболее вероятная скорость: 176.25
P: 415.59379267812665
nmax: 34196
[56, 587, 413, 1303, 1182, 1013, 2020, 2276, 1707, 2552, 3037, 3139, 3756, 4225, 3506, 5043, 5092, 4237, 5405, 6246, 5908, 7396, 7331, 7475, 6474, 7709, 8731, 8620, 9216, 9338, 8293, 10141, 9576, 9295, 10447, 9908, 11262, 11522, 13807, 11645, 11374, 12351, 12457, 12404, 14077, 14011, 12445, 13936, 14015, 14178, 14706, 16467, 13972, 15937, 16868, 14892, 17382, 16779, 17817, 17859, 17727, 16397, 19757, 18989, 19614, 19162, 19729, 20317, 19619, 17149, 20269, 20005, 19293, 20495, 22572, 19113, 23325, 20731, 22120, 21162, 23441, 19794, 23574, 21988, 22598, 25552, 22547, 23178, 23351, 24626, 25711, 22939, 24204, 24362, 25425, 24478, 25608, 27523, 26572, 24266, 24423, 26111, 26853, 26857, 27900, 27875, 28807, 26059, 27803, 26786, 27346, 28586, 28089, 26254, 29778, 28908, 26996, 28315, 28480, 30756, 29481, 29237, 30093, 30691, 29282, 29709, 28728, 32055, 29432, 31529, 29871, 31707, 29124, 30651, 29380, 30884, 28618, 32267, 31414, 31136, 31736, 34196, 30417, 31154, 31934, 31673, 30820, 30919, 31892, 30123, 31579, 31081, 33336, 31947, 33528, 33260, 32133, 32129, 31876, 31477, 32270, 31523, 33234, 30852, 31023, 31732, 32281, 31728, 31187, 32254, 32834, 32448, 33876, 32821, 33942, 33942, 34194, 32438, 29245, 30994, 31608, 31636, 34051, 31520, 32392, 30662, 32915, 33805, 30864, 31419, 32618, 31684, 29248, 31914, 29910, 31313, 31060, 32935, 31950, 32118, 31504, 32165, 30238, 31155, 32171, 31975, 28660, 30443, 29987, 30003, 31112, 31412, 30540, 29098, 29375, 31588, 28184, 28657, 28970, 29416, 28761, 30336, 30232, 29577, 29509, 27843, 29795, 27949, 28736, 29790, 27558, 29303, 27928, 28253, 27261, 28239, 29092, 28838, 26739, 27710, 27144, 27757, 27826, 26637, 26928, 27093, 26961, 28803, 26694, 25776, 26216, 26809, 26800, 25540, 25406, 24851, 24944, 25237, 25034, 25455, 25694, 25278, 26835, 25673, 24867, 24538, 24931, 24119, 24105, 22863, 23814, 23194, 23953, 23088, 23706, 22194, 24681, 21668, 22973, 23095, 23888, 22098, 22089, 22688, 19529, 22896, 20858, 21474, 21457, 20973, 20640, 22088, 22089, 19844, 20235, 19848, 19775, 18706, 19879, 19525, 19439, 20082, 20365, 19138, 18754, 18366, 18825, 17708, 19018, 17810, 17989, 18404, 19060, 18779, 17781, 18110, 16564, 17275, 17101, 16521, 17097, 16695, 15879, 16689, 17001, 16462, 16533, 16656, 16517, 15207, 16414, 14926, 14113, 14727, 15371, 15498, 14570, 15491, 13799, 14396, 15168, 13795, 14776, 15202, 12724, 13370, 13337, 12956, 13915, 13966, 13537, 13282, 12815, 11684, 12983, 12632, 12239, 12043, 11294, 11953, 11109, 12419, 11168, 11818, 10955, 11301, 11089, 10789, 11393, 11457, 10489, 11169, 9741, 10371, 9479, 10521, 9624, 10098, 9717, 9675, 9697, 9472, 9235, 9708, 9486, 8934, 9355, 8705, 9613, 8453, 8478, 9173, 8539, 8639, 8108, 9281, 8472, 7878, 7924, 7923, 8121, 8002, 7395, 7364, 7789, 7227, 7559, 6587, 6711, 6522, 6355, 7164, 6681, 6464, 6149, 6612, 6941, 6597, 6582, 6331, 6084, 6249, 5667, 5821, 5357, 5681, 6075, 5686, 5286, 5780, 5581, 5812, 5613, 5470, 5101, 4874, 4649, 4795, 5088, 4831, 5081, 4851, 4809, 4307, 5020, 4079, 4672, 4711, 4717, 4544, 3981, 4241, 3766, 4405, 4061, 3674, 3875, 3848, 3459, 3802, 4191, 4276, 3937, 3422, 3113, 3578, 3495, 3195, 3143, 3050, 3244, 3472, 3358, 2922, 2947, 2954, 3141, 3351, 2770, 2791, 2656, 2761, 2486, 2637, 3318, 2735, 2691, 2397, 2338, 2291, 2600, 2180, 2245, 2082, 2234, 1734, 2416, 1968, 1872, 1972, 2297, 1754, 1723, 2052, 1809, 1960, 1861, 1907, 2017, 1789, 1510, 1556, 1377, 1418, 1560, 1773, 1491, 1553, 1323, 1210, 1422, 1575, 1487, 1180, 1171, 1327, 1336, 1248, 1238, 1412, 1294, 1057, 1260, 1436, 1253, 1106, 1203, 1215, 1329, 912, 1008, 1066, 963, 1169, 1118, 761, 1009, 690, 1081, 1039, 953, 938, 892, 847, 867, 855, 822, 926, 820, 873, 552, 720, 856, 488, 882, 705, 732, 588, 724, 716, 396, 531, 654, 619, 680, 521, 578, 671, 539, 444, 441, 523, 387, 539, 321, 652, 646, 451, 469, 505, 431, 407, 334, 454, 387, 275, 367, 274, 324, 323, 469, 275, 228, 361, 413, 331, 314, 273, 256, 303, 331, 304, 350, 207, 282, 353, 174, 160, 190, 177, 357, 191, 237, 166, 172, 168, 301, 132, 221, 134, 144, 253, 319, 248, 153, 148, 135, 149, 167, 178, 104, 222, 166, 125, 239, 157, 130, 47, 80, 187, 195, 68, 187, 125, 127, 112, 116, 67, 75, 71, 90, 73, 92, 50, 92, 144, 39, 67, 80, 74, 63, 77, 57, 50, 104, 49, 62, 100, 38, 68, 26, 58, 84, 68, 29, 82, 29, 21, 59, 42, 4, 40, 19, 32, 58, 104, 41, 10, 47, 33, 43, 63, 61, 77, 55, 10, 21, 21, 30, 39, 34, 0, 11, 19, 35, 30, 27, 20, 7, 15, 42, 11, 0, 17, 3, 5, 19, 33, 18, 15, 23, 25, 1, 6, 12, 7, 37, 0, 21, 8, 11, 15, 8, 4, 0, 13, 10, 21, 0, 19, 0, 0, 5, 0, 0, 40, 1, 11, 9, 17, 0, 9, 2, 8, 0, 0, 13, 0, 0, 8, 23, 0, 4, 16, 4, 0, 0, 0, 1, 1, 14, 2, 29, 14, 3, 1, 3, 0, 0, 1, 1, 0, 0, 21, 0, 0, 0, 16, 1, 0, 0, 11, 14, 0, 2, 0, 18, 17, 0, 0, 0, 0, 0, 10, 0, 12, 0, 0, 0, 0, 0, 6, 0, 0, 13, 0, 0, 0, 0, 0, 0, 6, 0, 0, 0, 0, 0, 0, 0, 0, 0, 0, 0, 0, 9, 0, 0, 0, 7, 0, 0, 0, 0, 0, 0, 0, 0, 0, 2, 0, 0, 0, 8, 0, 0, 2, 0, 0, 0, 0, 4, 0, 1, 0, 0, 0, 0, 0, 0, 0, 0, 0, 14, 0, 0, 0, 0, 0, 0, 0, 0, 0, 0, 0, 0, 0, 0, 0, 0, 3, 0, 0, 0, 3, 0, 0, 0, 0, 0, 0, 0, 0, 0, 0, 0, 0, 0, 0, 0, 0, 0, 0, 0, 0, 0, 0, 0, 0, 0, 0, 0, 0, 0, 0, 0, 0, 0, 0, 0, 0, 0, 0, 0, 0, 0, 0, 0, 0, 0, 0, 0, 0, 0, 0, 0, 0, 0, 0, 0, 0, 0, 0, 0, 0, 0, 0, 0, 0, 0, 0, 0, 0, 0, 0, 0, 0, 0, 0, 0, 0, 0, 0, 0, 0, 0, 0, 0, 0, 0, 0, 0, 0, 0, 0, 0, 0, 0, 0, 0, 0, 0, 0, 0, 0, 0, 0, 0, 0, 0, 0, 0, 0, 0, 0, 0, 0, 0, 0, 0, 0, 0, 0, 0, 0, 0, 0, 0, 0, 0, 0, 0, 0, 0, 0, 0, 0, 0, 0, 0, 0, 0, 0, 0, 0, 0, 0, 0, 0, 0, 0, 0, 0, 0, 0, 0, 0, 0, 0, 0, 0, 0, 0, 0, 0, 0, 0, 0, 0, 0, 0, 0, 0, 0, 0, 0, 0, 0, 0, 0, 0, 0, 0, 0, 0, 0, 0, 0, 0, 0, 0, 0, 0, 0, 0, 0, 0, 0, 0, 0, 0, 0, 0, 0, 0, 0, 0, 0, 0, 0, 0, 0, 0, 0, 0, 0, 0, 0, 0, 0, 0, 0, 0, 0, 0, 0, 0, 0, 0, 0, 0, 0, 0, 0, 0, 0, 0, 0, 0, 0, 0, 0, 0, 0, 0, 0, 0, 0, 0, 0, 0, 0, 0, 0, 0, 0, 0, 0, 0, 0, 0, 0, 0, 0, 0, 0, 0, 0, 0, 0, 0, 0, 0, 0, 0, 0, 0, 0, 0, 0, 0, 0, 0, 0, 0, 0, 0, 0, 0, 0, 0, 0, 0, 0, 0, 0, 0, 0, 0, 0, 0, 0, 0, 0, 0, 0, 0, 0, 0, 0, 0, 0, 0, 0, 0, 0, 0, 0, 0, 0, 0, 0, 0, 0, 0, 0, 0, 0, 0, 0, 0, 0, 0, 0, 0, 0, 0, 0, 0, 0, 0, 0, 0, 0, 0, 0, 0, 0, 0, 0, 0, 0, 0, 0, 0, 0, 0, 0, 0, 0, 0, 0, 0, 0, 0, 0, 0, 0, 0, 0, 0, 0, 0, 0, 0, 0, 0, 0, 0, 0, 0, 0, 0, 0, 0, 0, 0, 0, 0, 0, 0, 0, 0, 0, 0, 0, 0, 0, 0, 0, 0, 0, 0, 0, 0, 0, 0, 0, 0, 0, 0, 0, 0, 0, 0, 0, 0, 0, 0, 0, 0, 0, 0, 0, 0, 0, 0, 0, 0, 0, 0, 0, 0, 0, 0, 0, 0, 0, 0, 0, 0, 0, 0, 0, 0, 0, 0, 0, 0, 0, 0, 0, 0, 0, 0, 0, 0, 0, 0, 0, 0, 0, 0, 0, 0, 0, 0, 0, 0, 0, 0, 0, 0, 0, 0, 0, 0, 0, 0, 0, 0, 0, 0, 0, 0, 0, 0, 0, 0, 0, 0, 0, 0, 0, 0, 0, 0, 0, 0, 0, 0, 0, 0, 0, 0, 0, 0, 0, 0, 0, 0, 0, 0, 0, 0, 0, 0, 0, 0, 0, 0, 0, 0, 0, 0, 0, 0, 0, 0, 0, 0, 0, 0, 0, 0, 0, 0, 0, 0, 0, 0, 0, 0, 0, 0, 0, 0, 0, 0, 0, 0, 0, 0, 0, 0, 0, 0, 0, 0, 0, 0, 0, 0, 0, 0, 0, 0, 0, 0, 0, 0, 0, 0, 0, 0, 0, 0, 0, 0, 0, 0, 0, 0, 0, 0, 0, 0, 0, 0, 0, 0, 0, 0, 0, 0, 0, 0, 0, 0, 0, 0, 0, 0, 0, 0, 0, 0, 0, 0, 0, 0, 0, 0, 0, 0, 0, 0, 0, 0, 0, 0, 0, 0, 0, 0, 0, 0, 0, 0, 0, 0, 0, 0, 0, 0, 0, 0, 0, 0, 0, 0, 0, 0, 0, 0, 0, 0, 0, 0, 0, 0, 0, 0, 0, 0, 0, 0, 0, 0, 0, 0, 0, 0, 0, 0, 0, 0, 0, 0, 0, 0, 0, 0, 0, 0, 0, 0, 0, 0, 0, 0, 0, 0, 0, 0, 0, 0, 0, 0, 0, 0, 0, 0, 0, 0, 0, 0, 0, 0, 0, 0]
