n = 400
v = 200
λ = 170.74314022774328
λ_0 = 219.0418062873541 (без учёта столкновений со стенками)
столкновений со стенками за секунду: 91.554
столкновений между собой за секунду: 161.82866666666666
время: 600
средняя скорость: 177.23660916055448
наиболее вероятная скорость: 146.25
P: 443.09054319675994
nmax: 80726
[78, 1320, 2333, 3912, 5323, 6038, 6218, 8179, 8318, 10630, 11961, 12993, 13021, 14103, 16303, 16612, 18224, 18005, 20980, 20535, 22344, 22441, 24648, 26333, 25026, 27599, 28497, 29803, 29569, 30094, 32761, 33376, 32930, 33923, 34993, 36326, 39061, 39977, 43533, 42391, 44755, 46294, 45169, 47668, 44852, 46624, 48323, 50691, 50331, 50200, 51056, 49510, 51301, 51908, 53804, 56858, 56202, 58020, 59274, 56579, 61290, 59814, 61392, 60084, 61478, 59297, 61441, 63481, 61936, 65560, 66819, 66329, 65723, 63686, 68653, 70049, 70995, 65891, 69674, 64892, 70591, 68692, 69281, 70408, 69397, 70789, 73173, 74558, 73203, 73829, 75107, 71660, 73345, 72884, 77222, 72454, 77646, 73329, 77804, 74919, 75895, 76011, 75721, 77518, 76061, 75453, 74729, 77308, 77220, 76326, 74403, 77663, 76620, 77160, 77039, 77288, 74908, 80728, 76346, 75979, 76418, 76311, 76267, 78699, 78737, 74127, 78057, 75864, 76203, 78833, 77088, 76227, 76060, 74389, 70822, 76145, 74126, 76461, 75007, 73988, 70684, 71703, 71020, 73060, 72129, 71238, 70345, 72690, 72757, 68946, 69917, 67991, 69962, 67700, 68689, 65964, 66399, 67345, 68156, 65744, 66885, 66413, 64444, 67640, 62161, 65984, 62318, 62552, 59372, 64365, 61552, 62015, 63413, 60662, 60797, 59032, 58939, 58044, 57643, 58189, 55718, 56745, 55935, 53228, 53228, 54113, 56088, 53602, 53059, 54081, 52089, 53789, 51343, 51102, 48630, 48906, 48939, 48245, 49228, 48284, 46438, 47939, 45543, 44970, 46321, 45079, 43460, 42677, 43787, 44266, 41602, 43378, 44706, 41741, 39776, 42360, 39954, 39474, 38166, 37810, 37114, 36992, 36382, 37638, 35019, 34753, 33662, 34001, 33509, 33526, 32830, 32914, 31459, 29914, 31078, 32186, 30135, 30065, 28589, 28736, 28427, 27516, 27426, 25755, 25920, 25954, 26088, 25023, 25169, 24076, 23845, 24993, 23817, 24465, 23247, 22294, 22779, 22083, 22381, 22220, 20781, 21488, 21203, 19628, 19837, 19381, 17852, 18126, 18536, 18733, 16486, 17359, 16281, 15928, 16474, 16097, 16059, 16272, 14638, 15350, 14832, 13972, 14689, 13603, 13744, 12230, 13024, 13112, 11909, 11933, 12343, 12125, 12611, 11599, 11434, 11282, 11039, 11671, 9792, 11289, 9951, 9566, 9424, 9466, 9468, 9263, 8900, 8774, 8745, 8315, 8683, 8444, 8382, 7450, 7280, 7620, 7348, 6891, 7051, 6854, 6002, 5742, 7010, 5676, 5877, 5503, 5819, 5353, 5229, 5531, 4772, 5084, 4386, 4980, 4864, 4507, 3872, 4876, 4652, 4221, 4348, 3797, 3959, 3519, 3940, 4069, 3663, 4022, 3398, 3200, 3147, 3430, 3423, 3121, 3270, 2743, 2979, 2710, 2358, 2596, 2559, 2464, 2315, 2565, 2725, 1899, 2501, 2220, 2072, 2339, 1932, 1657, 1778, 1767, 1922, 1939, 1548, 1267, 1535, 1635, 1366, 1468, 1394, 1330, 1389, 1214, 1266, 1227, 1385, 1135, 1047, 1226, 1253, 1165, 1100, 978, 999, 833, 904, 858, 859, 892, 909, 791, 721, 519, 700, 646, 838, 718, 678, 640, 547, 666, 605, 558, 503, 616, 590, 538, 383, 502, 465, 381, 551, 388, 340, 385, 399, 458, 422, 472, 319, 374, 320, 297, 341, 264, 269, 258, 195, 143, 263, 123, 194, 172, 171, 185, 192, 102, 96, 160, 205, 138, 179, 101, 173, 211, 197, 132, 83, 122, 149, 54, 103, 73, 133, 131, 148, 48, 58, 81, 78, 68, 81, 64, 142, 70, 39, 51, 81, 56, 59, 76, 4, 54, 17, 99, 40, 37, 45, 71, 45, 38, 17, 30, 9, 15, 81, 16, 17, 14, 27, 41, 16, 46, 8, 38, 0, 24, 21, 18, 35, 14, 26, 11, 6, 16, 0, 12, 10, 0, 17, 5, 16, 4, 10, 7, 6, 7, 3, 3, 4, 6, 16, 5, 10, 0, 15, 13, 10, 0, 5, 1, 6, 17, 9, 2, 10, 0, 11, 0, 1, 13, 12, 17, 0, 2, 0, 0, 0, 0, 6, 0, 10, 1, 4, 3, 0, 0, 0, 0, 0, 0, 0, 0, 0, 0, 0, 4, 0, 0, 0, 0, 0, 0, 0, 0, 0, 0, 0, 0, 0, 0, 0, 0, 0, 0, 0, 0, 0, 0, 0, 0, 0, 0, 0, 0, 0, 0, 0, 0, 0, 0, 0, 0, 0, 0, 0, 0, 0, 0, 0, 0, 0, 0, 0, 0, 0, 0, 0, 0, 0, 0, 0, 0, 0, 0, 0, 0, 0, 0, 0, 0, 0, 0, 0, 0, 0, 0, 0, 0, 0, 0, 0, 0, 0, 0, 0, 0, 0, 0, 0, 0, 0, 0, 0, 0, 0, 0, 0, 0, 0, 0, 0, 0, 0, 0, 0, 0, 0, 0, 0, 0, 0, 0, 0, 0, 0, 0, 0, 0, 0, 0, 0, 0, 0, 0, 0, 0, 0, 0, 0, 0, 0, 0, 0, 0, 0, 0, 0, 0, 0, 0, 0, 0, 0, 0, 0, 0, 0, 0, 0, 0, 0, 0, 0, 0, 0, 0, 0, 0, 0, 0, 0, 0, 0, 0, 0, 0, 0, 0, 0, 0, 0, 0, 0, 0, 0, 0, 0, 0, 0, 0, 0, 0, 0, 0, 0, 0, 0, 0, 0, 0, 0, 0, 0, 0, 0, 0, 0, 0, 0, 0, 0, 0, 0, 0, 0, 0, 0, 0, 0, 0, 0, 0, 0, 0, 0, 0, 0, 0, 0, 0, 0, 0, 0, 0, 0, 0, 0, 0, 0, 0, 0, 0, 0, 0, 0, 0, 0, 0, 0, 0, 0, 0, 0, 0, 0, 0, 0, 0, 0, 0, 0, 0, 0, 0, 0, 0, 0, 0, 0, 0, 0, 0, 0, 0, 0, 0, 0, 0, 0, 0, 0, 0, 0, 0, 0, 0, 0, 0, 0, 0, 0, 0, 0, 0, 0, 0, 0, 0, 0, 0, 0, 0, 0, 0, 0, 0, 0, 0, 0, 0, 0, 0, 0, 0, 0, 0, 0, 0, 0, 0, 0, 0, 0, 0, 0, 0, 0, 0, 0, 0, 0, 0, 0, 0, 0, 0, 0, 0, 0, 0, 0, 0, 0, 0, 0, 0, 0, 0, 0, 0, 0, 0, 0, 0, 0, 0, 0, 0, 0, 0, 0, 0, 0, 0, 0, 0, 0, 0, 0, 0, 0, 0, 0, 0, 0, 0, 0, 0, 0, 0, 0, 0, 0, 0, 0, 0, 0, 0, 0, 0, 0, 0, 0, 0, 0, 0, 0, 0, 0, 0, 0, 0, 0, 0, 0, 0, 0, 0, 0, 0, 0, 0, 0, 0, 0, 0, 0, 0, 0, 0, 0, 0, 0, 0, 0, 0, 0, 0, 0, 0, 0, 0, 0, 0, 0, 0, 0, 0, 0, 0, 0, 0, 0, 0, 0, 0, 0, 0, 0, 0, 0, 0, 0, 0, 0, 0, 0, 0, 0, 0, 0, 0, 0, 0, 0, 0, 0, 0, 0, 0, 0, 0, 0, 0, 0, 0, 0, 0, 0, 0, 0, 0, 0, 0, 0, 0, 0, 0, 0, 0, 0, 0, 0, 0, 0, 0, 0, 0, 0, 0, 0, 0, 0, 0, 0, 0, 0, 0, 0, 0, 0, 0, 0, 0, 0, 0, 0, 0, 0, 0, 0, 0, 0, 0, 0, 0, 0, 0, 0, 0, 0, 0, 0, 0, 0, 0, 0, 0, 0, 0, 0, 0, 0, 0, 0, 0, 0, 0, 0, 0, 0, 0, 0, 0, 0, 0, 0, 0, 0, 0, 0, 0, 0, 0, 0, 0, 0, 0, 0, 0, 0, 0, 0, 0, 0, 0, 0, 0, 0, 0, 0, 0, 0, 0, 0, 0, 0, 0, 0, 0, 0, 0, 0, 0, 0, 0, 0, 0, 0, 0, 0, 0, 0, 0, 0, 0, 0, 0, 0, 0, 0, 0, 0, 0, 0, 0, 0, 0, 0, 0, 0, 0, 0, 0, 0, 0, 0, 0, 0, 0, 0, 0, 0, 0, 0, 0, 0, 0, 0, 0, 0, 0, 0, 0, 0, 0, 0, 0, 0, 0, 0, 0, 0, 0, 0, 0, 0, 0, 0, 0, 0, 0, 0, 0, 0, 0, 0, 0, 0, 0, 0, 0, 0, 0, 0, 0, 0, 0, 0, 0, 0, 0, 0, 0, 0, 0, 0, 0, 0, 0, 0, 0, 0, 0, 0, 0, 0, 0, 0, 0, 0, 0, 0, 0, 0, 0, 0, 0, 0, 0, 0, 0, 0, 0, 0, 0, 0, 0, 0, 0, 0, 0, 0, 0, 0, 0, 0, 0, 0, 0, 0, 0, 0, 0, 0, 0, 0, 0, 0, 0, 0, 0, 0, 0, 0, 0, 0, 0, 0, 0, 0, 0, 0, 0, 0, 0, 0, 0, 0, 0, 0, 0, 0, 0, 0, 0, 0, 0, 0, 0, 0, 0, 0, 0, 0, 0, 0, 0, 0, 0, 0, 0, 0, 0, 0, 0, 0, 0, 0, 0, 0, 0, 0, 0, 0, 0, 0, 0, 0, 0, 0, 0, 0, 0, 0, 0, 0, 0, 0, 0, 0, 0, 0, 0, 0, 0, 0, 0, 0, 0, 0, 0, 0, 0, 0, 0, 0, 0, 0, 0, 0, 0, 0, 0, 0, 0, 0, 0, 0, 0, 0, 0, 0, 0, 0, 0, 0, 0, 0, 0, 0, 0, 0, 0, 0, 0, 0, 0, 0, 0, 0, 0, 0, 0, 0, 0, 0, 0, 0, 0, 0, 0, 0, 0, 0, 0, 0, 0, 0, 0, 0, 0, 0, 0, 0, 0, 0, 0, 0, 0, 0, 0, 0, 0, 0, 0, 0, 0, 0, 0, 0, 0, 0, 0, 0, 0, 0, 0, 0, 0, 0, 0, 0, 0, 0, 0, 0, 0, 0, 0, 0, 0, 0, 0, 0, 0, 0, 0, 0, 0, 0, 0, 0, 0, 0, 0, 0, 0, 0, 0, 0, 0, 0, 0, 0, 0, 0, 0, 0, 0, 0, 0, 0, 0, 0, 0, 0, 0, 0, 0, 0, 0, 0, 0, 0, 0, 0, 0, 0, 0, 0, 0, 0, 0, 0, 0, 0, 0, 0, 0, 0, 0, 0, 0, 0, 0, 0, 0, 0, 0, 0, 0, 0, 0, 0, 0, 0, 0, 0, 0, 0, 0, 0, 0, 0, 0, 0, 0, 0, 0, 0, 0, 0, 0, 0, 0, 0, 0, 0, 0, 0, 0, 0, 0, 0, 0, 0, 0, 0, 0, 0, 0, 0, 0, 0, 0]
