n = 150
v = 250
λ = 335.430872650338
λ_0 = 589.3859597447515 (без учёта столкновений со стенками)
столкновений со стенками за секунду: 42.66466666666666
столкновений между собой за секунду: 28.176333333333332
время: 600
средняя скорость: 221.42353363445622
наиболее вероятная скорость: 187.5
P: 207.58419079693377
nmax: 26199
[0, 410, 845, 1175, 1223, 1431, 1457, 1258, 1796, 2269, 2495, 3174, 3590, 3856, 3618, 3537, 4465, 3788, 4726, 5544, 4569, 5701, 6991, 6231, 5116, 7226, 5471, 7652, 6699, 8224, 8617, 7545, 8254, 8387, 8860, 7883, 8260, 9978, 11825, 10119, 11627, 12510, 10434, 10499, 11398, 13819, 10678, 13289, 12281, 11779, 14222, 12066, 14123, 13694, 14058, 14881, 16215, 13609, 16456, 16572, 13678, 14353, 16518, 14631, 13596, 14451, 15546, 15670, 13190, 16986, 17048, 19233, 15497, 16658, 19061, 16537, 16971, 18514, 17873, 17768, 18581, 19106, 18954, 19077, 17872, 21433, 17920, 18558, 19863, 18567, 21045, 23239, 22803, 21245, 20573, 18736, 21174, 19972, 19785, 20520, 24523, 20784, 19225, 22332, 19880, 22716, 20929, 20522, 22002, 22915, 22378, 20172, 22082, 23696, 23239, 22189, 23715, 22350, 24049, 21299, 20881, 21055, 23686, 22931, 21527, 22625, 23182, 22835, 22770, 23113, 22495, 23256, 23592, 23202, 22995, 25200, 24631, 22137, 21175, 22068, 23826, 22609, 21852, 22507, 22499, 22543, 23004, 21645, 24771, 21214, 26201, 24625, 24067, 22029, 22405, 23403, 21933, 22918, 22318, 24028, 23068, 24574, 24695, 22498, 23408, 21417, 22217, 21716, 21677, 21443, 22661, 20395, 23292, 24398, 21216, 22367, 22312, 21033, 21724, 21886, 23813, 19357, 21956, 20542, 21425, 22400, 21038, 19912, 19529, 21006, 19572, 20280, 19911, 19553, 19880, 18646, 22073, 20768, 18822, 18417, 19684, 18343, 20447, 18941, 19472, 19399, 18958, 19210, 19954, 19278, 18300, 17338, 18530, 19627, 18983, 19582, 16451, 16798, 17183, 19458, 18799, 15720, 18785, 17161, 17706, 17556, 18485, 16189, 18484, 15238, 16135, 15609, 16429, 14930, 16036, 16994, 15215, 16556, 14901, 14690, 13877, 13761, 15221, 18087, 14841, 14839, 13688, 15691, 14838, 14027, 13878, 13592, 13632, 13517, 12027, 14178, 12407, 14511, 13013, 12434, 12120, 12684, 11329, 12547, 13167, 11757, 11924, 10825, 12362, 12343, 11836, 11742, 11260, 11565, 11021, 11357, 10379, 11059, 11521, 11619, 11936, 10001, 10451, 10373, 9102, 10578, 9792, 9890, 9957, 8578, 8406, 10182, 9590, 9457, 10916, 9547, 9071, 8658, 9420, 9228, 8615, 8587, 7762, 8596, 9049, 8433, 7294, 7734, 7882, 7585, 7291, 6761, 7782, 6845, 7645, 6694, 6445, 7538, 6636, 7023, 6664, 6278, 4874, 6182, 6540, 5720, 5949, 5334, 5749, 5109, 5008, 5136, 6091, 6190, 6731, 6125, 5607, 5444, 5499, 5567, 5170, 4776, 5805, 5602, 4878, 4899, 4892, 4474, 4129, 5120, 4215, 4424, 4226, 4813, 5357, 4336, 4025, 4008, 4011, 3873, 3740, 3843, 3422, 3288, 3992, 3116, 3784, 4259, 3016, 3177, 3870, 2895, 2685, 3239, 3317, 2672, 3208, 4088, 2724, 2514, 2756, 2174, 2880, 2686, 2629, 1965, 2245, 2707, 2653, 2099, 2057, 1839, 3272, 2491, 1977, 1774, 1829, 2044, 2311, 1705, 2802, 2432, 1354, 1743, 1881, 2295, 1741, 1854, 2217, 1277, 1347, 1843, 1590, 1789, 1379, 1397, 1552, 1081, 1397, 1674, 1713, 1034, 1248, 1175, 1634, 1585, 1290, 1173, 1359, 1365, 1304, 1295, 941, 1034, 856, 1049, 1142, 1459, 585, 1164, 989, 766, 1025, 668, 705, 838, 937, 762, 739, 1243, 843, 845, 520, 863, 912, 640, 614, 570, 718, 608, 602, 579, 556, 609, 746, 825, 557, 590, 440, 742, 438, 431, 360, 805, 224, 413, 480, 550, 186, 395, 208, 316, 261, 240, 434, 338, 434, 343, 236, 532, 452, 243, 404, 262, 392, 317, 283, 323, 302, 221, 188, 225, 343, 233, 174, 258, 340, 215, 230, 247, 154, 104, 117, 137, 336, 201, 111, 186, 77, 134, 322, 229, 155, 174, 125, 196, 72, 127, 131, 155, 153, 44, 65, 172, 56, 152, 125, 58, 54, 39, 86, 176, 209, 70, 161, 81, 32, 26, 4, 47, 34, 84, 9, 33, 34, 66, 71, 34, 98, 0, 68, 132, 37, 41, 55, 17, 80, 89, 41, 57, 40, 29, 18, 39, 11, 4, 25, 52, 93, 47, 87, 67, 30, 26, 0, 22, 0, 6, 55, 16, 0, 33, 14, 0, 18, 21, 0, 20, 0, 62, 28, 0, 8, 0, 0, 0, 21, 42, 0, 0, 1, 0, 3, 0, 58, 17, 30, 77, 0, 0, 19, 0, 37, 3, 0, 15, 0, 0, 0, 0, 8, 0, 17, 0, 0, 0, 39, 0, 56, 0, 0, 0, 4, 0, 0, 0, 3, 16, 0, 8, 0, 0, 0, 0, 0, 5, 0, 0, 1, 9, 0, 0, 0, 31, 4, 0, 0, 0, 0, 0, 0, 0, 0, 0, 0, 0, 0, 0, 0, 0, 22, 0, 9, 0, 0, 0, 0, 0, 0, 0, 0, 0, 0, 0, 0, 0, 0, 0, 0, 0, 0, 0, 0, 0, 0, 0, 0, 0, 0, 0, 0, 0, 0, 0, 0, 0, 0, 0, 0, 0, 0, 0, 0, 0, 0, 0, 0, 0, 0, 0, 0, 0, 0, 0, 8, 0, 0, 0, 0, 0, 0, 0, 0, 0, 0, 0, 0, 0, 0, 0, 0, 0, 0, 0, 0, 0, 0, 0, 0, 0, 0, 0, 0, 0, 0, 0, 0, 0, 0, 0, 0, 0, 0, 0, 0, 0, 0, 0, 0, 0, 0, 0, 0, 0, 0, 0, 0, 0, 0, 0, 0, 0, 0, 0, 0, 0, 0, 0, 0, 0, 0, 0, 0, 0, 0, 0, 0, 0, 0, 0, 0, 0, 0, 0, 0, 0, 0, 0, 0, 0, 0, 0, 0, 0, 0, 0, 0, 0, 0, 0, 0, 0, 0, 0, 0, 0, 0, 0, 0, 0, 0, 0, 0, 0, 0, 0, 0, 0, 0, 0, 0, 0, 0, 0, 0, 0, 0, 0, 0, 0, 0, 0, 0, 0, 0, 0, 0, 0, 0, 0, 0, 0, 0, 0, 0, 0, 0, 0, 0, 0, 0, 0, 0, 0, 0, 0, 0, 0, 0, 0, 0, 0, 0, 0, 0, 0, 0, 0, 0, 0, 0, 0, 0, 0, 0, 0, 0, 0, 0, 0, 0, 0, 0, 0, 0, 0, 0, 0, 0, 0, 0, 0, 0, 0, 0, 0, 0, 0, 0, 0, 0, 0, 0, 0, 0, 0, 0, 0, 0, 0, 0, 0, 0, 0, 0, 0, 0, 0, 0, 0, 0, 0, 0, 0, 0, 0, 0, 0, 0, 0, 0, 0, 0, 0, 0, 0, 0, 0, 0, 0, 0, 0, 0, 0, 0, 0, 0, 0, 0, 0, 0, 0, 0, 0, 0, 0, 0, 0, 0, 0, 0, 0, 0, 0, 0, 0, 0, 0, 0, 0, 0, 0, 0, 0, 0, 0, 0, 0, 0, 0, 0, 0, 0, 0, 0, 0, 0, 0, 0, 0, 0, 0, 0, 0, 0, 0, 0, 0, 0, 0, 0, 0, 0, 0, 0, 0, 0, 0, 0, 0, 0, 0, 0, 0, 0, 0, 0, 0, 0, 0, 0, 0, 0, 0, 0, 0, 0, 0, 0, 0, 0, 0, 0, 0, 0, 0, 0, 0, 0, 0, 0, 0, 0, 0, 0, 0, 0, 0, 0, 0, 0, 0, 0, 0, 0, 0, 0, 0, 0, 0, 0, 0, 0, 0, 0, 0, 0, 0, 0, 0, 0, 0, 0, 0, 0, 0, 0, 0, 0, 0, 0, 0, 0, 0, 0, 0, 0, 0, 0, 0, 0, 0, 0, 0, 0, 0, 0, 0, 0, 0, 0, 0, 0, 0, 0, 0, 0, 0, 0, 0, 0, 0, 0, 0, 0, 0, 0, 0, 0, 0, 0, 0, 0, 0, 0, 0, 0, 0, 0, 0, 0, 0, 0, 0, 0, 0, 0, 0, 0, 0, 0, 0, 0, 0, 0, 0, 0, 0, 0, 0, 0, 0, 0, 0, 0, 0, 0, 0, 0, 0, 0, 0, 0, 0, 0, 0, 0, 0, 0, 0, 0, 0, 0, 0, 0, 0, 0, 0, 0, 0, 0, 0, 0, 0, 0, 0, 0, 0, 0, 0, 0, 0, 0, 0, 0, 0, 0, 0, 0, 0, 0, 0, 0, 0, 0, 0, 0, 0, 0, 0, 0, 0, 0, 0, 0, 0, 0, 0, 0, 0, 0, 0, 0, 0, 0, 0, 0, 0, 0, 0, 0, 0, 0, 0, 0, 0, 0, 0, 0, 0, 0, 0, 0, 0, 0, 0, 0, 0, 0, 0, 0, 0, 0, 0, 0, 0, 0, 0, 0, 0, 0, 0, 0, 0, 0, 0, 0, 0, 0, 0, 0, 0, 0, 0, 0, 0, 0, 0, 0, 0, 0, 0, 0, 0, 0, 0, 0, 0, 0, 0, 0, 0, 0, 0, 0, 0, 0, 0, 0, 0, 0, 0, 0, 0, 0, 0, 0, 0, 0, 0, 0, 0, 0, 0, 0, 0, 0, 0, 0, 0, 0, 0, 0, 0, 0, 0, 0, 0, 0, 0, 0, 0, 0, 0, 0, 0, 0, 0, 0, 0, 0, 0, 0, 0, 0, 0, 0, 0, 0, 0, 0, 0, 0, 0, 0, 0, 0, 0, 0, 0, 0, 0, 0, 0, 0, 0, 0, 0, 0, 0, 0, 0, 0, 0, 0, 0, 0, 0, 0, 0, 0, 0, 0, 0, 0, 0, 0, 0, 0, 0, 0, 0, 0, 0, 0, 0, 0, 0, 0, 0, 0, 0, 0, 0, 0, 0, 0, 0, 0, 0, 0, 0, 0, 0, 0, 0, 0, 0, 0, 0, 0, 0, 0, 0, 0, 0, 0, 0, 0, 0, 0, 0, 0, 0, 0, 0, 0, 0, 0, 0, 0, 0, 0, 0, 0, 0, 0, 0, 0, 0, 0, 0, 0, 0, 0, 0, 0, 0, 0, 0, 0, 0, 0, 0, 0, 0, 0, 0, 0, 0, 0, 0, 0, 0, 0, 0, 0, 0, 0, 0, 0, 0, 0, 0, 0, 0, 0, 0, 0, 0, 0, 0, 0, 0, 0, 0, 0, 0, 0, 0, 0, 0, 0, 0, 0, 0, 0, 0, 0, 0, 0, 0, 0, 0, 0, 0, 0, 0, 0, 0, 0, 0, 0, 0, 0, 0, 0, 0, 0, 0, 0, 0, 0, 0, 0, 0, 0, 0, 0, 0, 0, 0, 0, 0, 0, 0, 0, 0, 0, 0, 0, 0, 0, 0, 0, 0, 0, 0, 0, 0, 0, 0, 0, 0, 0, 0, 0, 0, 0, 0]
