n = 150
v = 150
λ = 336.74518563722467
λ_0 = 592.2681115144458 (без учёта столкновений со стенками)
столкновений со стенками за секунду: 25.589333333333336
столкновений между собой за секунду: 16.861666666666668
время: 600
средняя скорость: 133.1549513313161
наиболее вероятная скорость: 112.5
P: 124.83284342065933
nmax: 42273
[27, 468, 2083, 1850, 3045, 3562, 5713, 4738, 5550, 6375, 5613, 9264, 8655, 9225, 12381, 9149, 13405, 11627, 15528, 12610, 14023, 16200, 16010, 13424, 16309, 17827, 17802, 20839, 19074, 19523, 16935, 22090, 23009, 23792, 26536, 22017, 23034, 26276, 24300, 24965, 26572, 27037, 26013, 28776, 26344, 27995, 31057, 29612, 31530, 31029, 31658, 30835, 30628, 30778, 34568, 29945, 37648, 34874, 32506, 34901, 31630, 33327, 34166, 33621, 35045, 35809, 35447, 38226, 39250, 37322, 40360, 37394, 37449, 41114, 38027, 39077, 36765, 36050, 36565, 41682, 35596, 40157, 38418, 37835, 39322, 35704, 40067, 41017, 39031, 36181, 42274, 38851, 36943, 38533, 36554, 41516, 39056, 38594, 35368, 36648, 38324, 35575, 36351, 38222, 36380, 36910, 35589, 33566, 37197, 34187, 41418, 35655, 39512, 37078, 33770, 36243, 36976, 34359, 32667, 34488, 35462, 34724, 31059, 32328, 28094, 29945, 32259, 28465, 33433, 31662, 29506, 28502, 28216, 30656, 27135, 29358, 29773, 28981, 26149, 32103, 27272, 25790, 30315, 26025, 26807, 22689, 25853, 26173, 26404, 21374, 27251, 23236, 26924, 24190, 21406, 21878, 23522, 21948, 23257, 21185, 21294, 20137, 21198, 18946, 18460, 20203, 20362, 17216, 18551, 16322, 16438, 15726, 18731, 16361, 13479, 14083, 16622, 13840, 15332, 15611, 13361, 12213, 14723, 13760, 11805, 12004, 12516, 11795, 11235, 10935, 11966, 11171, 12455, 10392, 10681, 11465, 9146, 8706, 9694, 8545, 9570, 9175, 8547, 7401, 9784, 7947, 7204, 9454, 8215, 8467, 6432, 6549, 7091, 7604, 5401, 5821, 6334, 6242, 4684, 5887, 5075, 5387, 5393, 4608, 5078, 5971, 4200, 4138, 5864, 4640, 4599, 3348, 3572, 3591, 3243, 3855, 2384, 3834, 3145, 3576, 3775, 2840, 3364, 2857, 2497, 2645, 2762, 2785, 2238, 2158, 2374, 2221, 2776, 1875, 1949, 2318, 1555, 2083, 1928, 1671, 1555, 1594, 1424, 1461, 1471, 1431, 1397, 1502, 1645, 1557, 1148, 1339, 1273, 885, 774, 1333, 507, 1012, 906, 772, 719, 704, 1186, 482, 696, 834, 512, 772, 1072, 575, 635, 787, 606, 678, 605, 529, 731, 463, 311, 367, 610, 315, 303, 504, 517, 264, 208, 196, 325, 207, 263, 244, 133, 116, 244, 299, 231, 220, 444, 304, 332, 123, 165, 106, 115, 55, 255, 107, 31, 167, 238, 213, 146, 60, 117, 71, 96, 49, 79, 142, 72, 259, 119, 157, 136, 0, 3, 49, 16, 32, 71, 32, 17, 127, 33, 132, 2, 114, 94, 54, 101, 43, 62, 78, 22, 105, 79, 10, 6, 0, 0, 53, 20, 89, 17, 0, 0, 0, 0, 0, 16, 0, 156, 36, 63, 16, 0, 0, 0, 23, 0, 0, 29, 0, 0, 55, 0, 31, 0, 0, 0, 0, 0, 0, 0, 0, 0, 0, 0, 0, 0, 0, 0, 0, 0, 0, 0, 0, 0, 0, 0, 0, 0, 0, 0, 0, 0, 0, 0, 0, 0, 0, 0, 0, 0, 0, 17, 5, 0, 0, 0, 0, 0, 0, 0, 0, 0, 0, 0, 0, 0, 0, 0, 0, 0, 0, 0, 0, 0, 0, 0, 0, 0, 0, 0, 0, 0, 0, 0, 0, 28, 0, 5, 0, 0, 0, 0, 11, 0, 0, 0, 0, 0, 0, 0, 0, 0, 0, 0, 0, 0, 0, 0, 0, 1, 0, 0, 0, 0, 0, 0, 0, 0, 0, 0, 0, 10, 0, 0, 0, 0, 0, 0, 0, 0, 0, 0, 0, 0, 0, 0, 13, 0, 0, 0, 0, 0, 30, 0, 0, 0, 0, 0, 0, 0, 0, 0, 0, 0, 0, 0, 0, 0, 0, 0, 0, 0, 0, 0, 0, 0, 0, 0, 0, 0, 0, 0, 0, 0, 0, 0, 0, 0, 0, 0, 0, 0, 0, 0, 0, 0, 0, 0, 0, 0, 0, 0, 0, 0, 0, 0, 0, 0, 0, 0, 0, 0, 0, 0, 0, 0, 0, 0, 0, 0, 0, 0, 0, 0, 0, 0, 0, 0, 0, 0, 0, 0, 0, 0, 0, 0, 0, 0, 0, 0, 0, 0, 0, 0, 0, 0, 0, 0, 0, 0, 0, 0, 0, 0, 0, 0, 0, 0, 0, 0, 0, 0, 0, 0, 0, 0, 0, 0, 0, 0, 0, 0, 0, 0, 0, 0, 0, 0, 0, 0, 0, 0, 0, 0, 0, 0, 0, 0, 0, 0, 0, 0, 0, 0, 0, 0, 0, 0, 0, 0, 0, 0, 0, 0, 0, 0, 0, 0, 0, 0, 0, 0, 0, 0, 0, 0, 0, 0, 0, 0, 0, 0, 0, 0, 0, 0, 0, 0, 0, 0, 0, 0, 0, 0, 0, 0, 0, 0, 0, 0, 0, 0, 0, 0, 0, 0, 0, 0, 0, 0, 0, 0, 0, 0, 0, 0, 0, 0, 0, 0, 0, 0, 0, 0, 0, 0, 0, 0, 0, 0, 0, 0, 0, 0, 0, 0, 0, 0, 0, 0, 0, 0, 0, 0, 0, 0, 0, 0, 0, 0, 0, 0, 0, 0, 0, 0, 0, 0, 0, 0, 0, 0, 0, 0, 0, 0, 0, 0, 0, 0, 0, 0, 0, 0, 0, 0, 0, 0, 0, 0, 0, 0, 0, 0, 0, 0, 0, 0, 0, 0, 0, 0, 0, 0, 0, 0, 0, 0, 0, 0, 0, 0, 0, 0, 0, 0, 0, 0, 0, 0, 0, 0, 0, 0, 0, 0, 0, 0, 0, 0, 0, 0, 0, 0, 0, 0, 0, 0, 0, 0, 0, 0, 0, 0, 0, 0, 0, 0, 0, 0, 0, 0, 0, 0, 0, 0, 0, 0, 0, 0, 0, 0, 0, 0, 0, 0, 0, 0, 0, 0, 0, 0, 0, 0, 0, 0, 0, 0, 0, 0, 0, 0, 0, 0, 0, 0, 0, 0, 0, 0, 0, 0, 0, 0, 0, 0, 0, 0, 0, 0, 0, 0, 0, 0, 0, 0, 0, 0, 0, 0, 0, 0, 0, 0, 0, 0, 0, 0, 0, 0, 0, 0, 0, 0, 0, 0, 0, 0, 0, 0, 0, 0, 0, 0, 0, 0, 0, 0, 0, 0, 0, 0, 0, 0, 0, 0, 0, 0, 0, 0, 0, 0, 0, 0, 0, 0, 0, 0, 0, 0, 0, 0, 0, 0, 0, 0, 0, 0, 0, 0, 0, 0, 0, 0, 0, 0, 0, 0, 0, 0, 0, 0, 0, 0, 0, 0, 0, 0, 0, 0, 0, 0, 0, 0, 0, 0, 0, 0, 0, 0, 0, 0, 0, 0, 0, 0, 0, 0, 0, 0, 0, 0, 0, 0, 0, 0, 0, 0, 0, 0, 0, 0, 0, 0, 0, 0, 0, 0, 0, 0, 0, 0, 0, 0, 0, 0, 0, 0, 0, 0, 0, 0, 0, 0, 0, 0, 0, 0, 0, 0, 0, 0, 0, 0, 0, 0, 0, 0, 0, 0, 0, 0, 0, 0, 0, 0, 0, 0, 0, 0, 0, 0, 0, 0, 0, 0, 0, 0, 0, 0, 0, 0, 0, 0, 0, 0, 0, 0, 0, 0, 0, 0, 0, 0, 0, 0, 0, 0, 0, 0, 0, 0, 0, 0, 0, 0, 0, 0, 0, 0, 0, 0, 0, 0, 0, 0, 0, 0, 0, 0, 0, 0, 0, 0, 0, 0, 0, 0, 0, 0, 0, 0, 0, 0, 0, 0, 0, 0, 0, 0, 0, 0, 0, 0, 0, 0, 0, 0, 0, 0, 0, 0, 0, 0, 0, 0, 0, 0, 0, 0, 0, 0, 0, 0, 0, 0, 0, 0, 0, 0, 0, 0, 0, 0, 0, 0, 0, 0, 0, 0, 0, 0, 0, 0, 0, 0, 0, 0, 0, 0, 0, 0, 0, 0, 0, 0, 0, 0, 0, 0, 0, 0, 0, 0, 0, 0, 0, 0, 0, 0, 0, 0, 0, 0, 0, 0, 0, 0, 0, 0, 0, 0, 0, 0, 0, 0, 0, 0, 0, 0, 0, 0, 0, 0, 0, 0, 0, 0, 0, 0, 0, 0, 0, 0, 0, 0, 0, 0, 0, 0, 0, 0, 0, 0, 0, 0, 0, 0, 0, 0, 0, 0, 0, 0, 0, 0, 0, 0, 0, 0, 0, 0, 0, 0, 0, 0, 0, 0, 0, 0, 0, 0, 0, 0, 0, 0, 0, 0, 0, 0, 0, 0, 0, 0, 0, 0, 0, 0, 0, 0, 0, 0, 0, 0, 0, 0, 0, 0, 0, 0, 0, 0, 0, 0, 0, 0, 0, 0, 0, 0, 0, 0, 0, 0, 0, 0, 0, 0, 0, 0, 0, 0, 0, 0, 0, 0, 0, 0, 0, 0, 0, 0, 0, 0, 0, 0, 0, 0, 0, 0, 0, 0, 0, 0, 0, 0, 0, 0, 0, 0, 0, 0, 0, 0, 0, 0, 0, 0, 0, 0, 0, 0, 0, 0, 0, 0, 0, 0, 0, 0, 0, 0, 0, 0, 0, 0, 0, 0, 0, 0, 0, 0, 0, 0, 0, 0, 0, 0, 0, 0, 0, 0, 0, 0, 0, 0, 0, 0, 0, 0, 0, 0, 0, 0, 0, 0, 0, 0, 0, 0, 0, 0, 0, 0, 0, 0, 0, 0, 0, 0, 0, 0, 0, 0, 0, 0, 0, 0, 0, 0, 0, 0, 0, 0, 0, 0, 0, 0, 0, 0, 0, 0, 0, 0, 0, 0, 0, 0, 0, 0, 0, 0, 0, 0, 0, 0, 0, 0, 0, 0, 0, 0, 0, 0, 0, 0, 0, 0, 0, 0, 0, 0, 0, 0, 0, 0, 0, 0, 0, 0, 0, 0, 0, 0, 0, 0, 0, 0, 0, 0, 0, 0, 0, 0, 0, 0, 0, 0, 0, 0, 0, 0, 0, 0, 0, 0, 0, 0, 0, 0, 0, 0, 0, 0, 0, 0, 0, 0, 0, 0, 0, 0, 0, 0, 0, 0, 0, 0, 0, 0, 0, 0, 0, 0, 0, 0, 0, 0, 0, 0, 0, 0, 0, 0, 0, 0, 0, 0, 0, 0, 0, 0, 0, 0, 0, 0, 0, 0, 0, 0, 0, 0, 0, 0, 0, 0, 0, 0, 0, 0, 0, 0, 0, 0, 0, 0, 0, 0, 0, 0, 0, 0, 0, 0, 0]
