n = 250
v = 150
λ = 242.40918494736343
λ_0 = 352.4754327390085 (без учёта столкновений со стенками)
столкновений со стенками за секунду: 42.811
столкновений между собой за секунду: 47.14333333333333
время: 600
средняя скорость: 132.93500953318298
наиболее вероятная скорость: 103.75
P: 207.71083521782487
nmax: 66525
[0, 1138, 2454, 4067, 4175, 6208, 8554, 8144, 10430, 12852, 10192, 14738, 16307, 14179, 16676, 18631, 19881, 21326, 22370, 22885, 21623, 23564, 26722, 29318, 30713, 28319, 30551, 36565, 30741, 33286, 34039, 36985, 39006, 38281, 38074, 39708, 38334, 38805, 39815, 44865, 44854, 44759, 49550, 47625, 46782, 48386, 50157, 56393, 52039, 50977, 50948, 51534, 50773, 54832, 53395, 57386, 56477, 58393, 57202, 60091, 59287, 63306, 60187, 61083, 63086, 62564, 65120, 63465, 60908, 59996, 61211, 65008, 64447, 61612, 62540, 59222, 61940, 61170, 65519, 63957, 63529, 64603, 64861, 66526, 65010, 63683, 60554, 65830, 65169, 64241, 65172, 63868, 64090, 66217, 65151, 64517, 65025, 64533, 62418, 63149, 60152, 58627, 62340, 58885, 64763, 62094, 58052, 59207, 59681, 56620, 56718, 60574, 56528, 55880, 56809, 58621, 55312, 56137, 52586, 56935, 53948, 53344, 52541, 53262, 54828, 51990, 51465, 51243, 52621, 47619, 49078, 51029, 49865, 49937, 48536, 45741, 49839, 45087, 44869, 48976, 46079, 43886, 43142, 43704, 41594, 41736, 42314, 43330, 39414, 42770, 39119, 39921, 40500, 36607, 38329, 39488, 36526, 35319, 34511, 33456, 31610, 32107, 32905, 33192, 29252, 29802, 32124, 30879, 31450, 28590, 30002, 26571, 29922, 26274, 26891, 27095, 24423, 24607, 25029, 22849, 24588, 24495, 21824, 21834, 20846, 19686, 20594, 19694, 17789, 18971, 20132, 19836, 18528, 17757, 16681, 17709, 17484, 15866, 15894, 14706, 15947, 15755, 15462, 14668, 14202, 14193, 13396, 14207, 13996, 11453, 12394, 11623, 12008, 11883, 12121, 10124, 11287, 10077, 11572, 9916, 9692, 9347, 9893, 7950, 8781, 9150, 8539, 7356, 8147, 7970, 7665, 6975, 6767, 7428, 6897, 5454, 6504, 6175, 6074, 5379, 5863, 5108, 4865, 5383, 4944, 5078, 4832, 4007, 4371, 4437, 4289, 3890, 3817, 3905, 3729, 3088, 3155, 3315, 2956, 3200, 2343, 2448, 2501, 2435, 2766, 2497, 1863, 2564, 2405, 2527, 2127, 1742, 1861, 1731, 2101, 2092, 1785, 1816, 1374, 1668, 1875, 951, 1672, 1248, 850, 1441, 1328, 1575, 1237, 1037, 1340, 895, 1415, 601, 1075, 942, 716, 1004, 875, 529, 777, 529, 380, 607, 810, 433, 621, 566, 478, 327, 290, 291, 506, 346, 373, 572, 245, 219, 392, 244, 262, 416, 370, 166, 552, 340, 256, 261, 169, 225, 218, 149, 122, 294, 299, 157, 86, 93, 166, 200, 292, 78, 256, 154, 139, 103, 100, 85, 128, 42, 47, 88, 34, 55, 31, 51, 28, 50, 30, 72, 64, 36, 33, 20, 91, 42, 68, 78, 41, 6, 70, 27, 10, 25, 1, 6, 36, 3, 8, 2, 0, 3, 0, 0, 126, 51, 5, 1, 4, 13, 0, 0, 0, 0, 0, 0, 0, 14, 23, 0, 30, 0, 0, 0, 0, 0, 0, 0, 9, 0, 0, 0, 16, 0, 0, 16, 0, 0, 0, 0, 2, 0, 0, 0, 0, 0, 0, 0, 13, 0, 0, 0, 0, 0, 0, 0, 0, 0, 0, 0, 0, 0, 0, 0, 0, 0, 0, 0, 0, 0, 6, 0, 0, 0, 0, 0, 0, 0, 0, 0, 0, 0, 0, 0, 0, 0, 0, 0, 0, 0, 0, 0, 0, 0, 0, 0, 0, 0, 0, 0, 0, 0, 0, 0, 0, 0, 0, 0, 0, 0, 0, 0, 0, 0, 0, 0, 0, 0, 0, 0, 0, 0, 0, 0, 0, 0, 0, 0, 0, 0, 0, 0, 0, 0, 0, 0, 0, 0, 0, 0, 0, 0, 0, 0, 0, 0, 0, 0, 0, 0, 0, 0, 0, 0, 0, 0, 0, 0, 0, 0, 0, 0, 0, 0, 0, 0, 0, 0, 0, 0, 0, 0, 0, 0, 0, 0, 0, 0, 0, 0, 0, 0, 0, 0, 0, 0, 0, 0, 0, 0, 0, 0, 0, 0, 0, 0, 0, 0, 0, 0, 0, 0, 0, 0, 0, 0, 0, 0, 0, 0, 0, 0, 0, 0, 0, 0, 0, 0, 0, 0, 0, 0, 0, 0, 0, 0, 0, 0, 0, 0, 0, 0, 0, 0, 0, 0, 0, 0, 0, 0, 0, 0, 0, 0, 0, 0, 0, 0, 0, 0, 0, 0, 0, 0, 0, 0, 0, 0, 0, 0, 0, 0, 0, 0, 0, 0, 0, 0, 0, 0, 0, 0, 0, 0, 0, 0, 0, 0, 0, 0, 0, 0, 0, 0, 0, 0, 0, 0, 0, 0, 0, 0, 0, 0, 0, 0, 0, 0, 0, 0, 0, 0, 0, 0, 0, 0, 0, 0, 0, 0, 0, 0, 0, 0, 0, 0, 0, 0, 0, 0, 0, 0, 0, 0, 0, 0, 0, 0, 0, 0, 0, 0, 0, 0, 0, 0, 0, 0, 0, 0, 0, 0, 0, 0, 0, 0, 0, 0, 0, 0, 0, 0, 0, 0, 0, 0, 0, 0, 0, 0, 0, 0, 0, 0, 0, 0, 0, 0, 0, 0, 0, 0, 0, 0, 0, 0, 0, 0, 0, 0, 0, 0, 0, 0, 0, 0, 0, 0, 0, 0, 0, 0, 0, 0, 0, 0, 0, 0, 0, 0, 0, 0, 0, 0, 0, 0, 0, 0, 0, 0, 0, 0, 0, 0, 0, 0, 0, 0, 0, 0, 0, 0, 0, 0, 0, 0, 0, 0, 0, 0, 0, 0, 0, 0, 0, 0, 0, 0, 0, 0, 0, 0, 0, 0, 0, 0, 0, 0, 0, 0, 0, 0, 0, 0, 0, 0, 0, 0, 0, 0, 0, 0, 0, 0, 0, 0, 0, 0, 0, 0, 0, 0, 0, 0, 0, 0, 0, 0, 0, 0, 0, 0, 0, 0, 0, 0, 0, 0, 0, 0, 0, 0, 0, 0, 0, 0, 0, 0, 0, 0, 0, 0, 0, 0, 0, 0, 0, 0, 0, 0, 0, 0, 0, 0, 0, 0, 0, 0, 0, 0, 0, 0, 0, 0, 0, 0, 0, 0, 0, 0, 0, 0, 0, 0, 0, 0, 0, 0, 0, 0, 0, 0, 0, 0, 0, 0, 0, 0, 0, 0, 0, 0, 0, 0, 0, 0, 0, 0, 0, 0, 0, 0, 0, 0, 0, 0, 0, 0, 0, 0, 0, 0, 0, 0, 0, 0, 0, 0, 0, 0, 0, 0, 0, 0, 0, 0, 0, 0, 0, 0, 0, 0, 0, 0, 0, 0, 0, 0, 0, 0, 0, 0, 0, 0, 0, 0, 0, 0, 0, 0, 0, 0, 0, 0, 0, 0, 0, 0, 0, 0, 0, 0, 0, 0, 0, 0, 0, 0, 0, 0, 0, 0, 0, 0, 0, 0, 0, 0, 0, 0, 0, 0, 0, 0, 0, 0, 0, 0, 0, 0, 0, 0, 0, 0, 0, 0, 0, 0, 0, 0, 0, 0, 0, 0, 0, 0, 0, 0, 0, 0, 0, 0, 0, 0, 0, 0, 0, 0, 0, 0, 0, 0, 0, 0, 0, 0, 0, 0, 0, 0, 0, 0, 0, 0, 0, 0, 0, 0, 0, 0, 0, 0, 0, 0, 0, 0, 0, 0, 0, 0, 0, 0, 0, 0, 0, 0, 0, 0, 0, 0, 0, 0, 0, 0, 0, 0, 0, 0, 0, 0, 0, 0, 0, 0, 0, 0, 0, 0, 0, 0, 0, 0, 0, 0, 0, 0, 0, 0, 0, 0, 0, 0, 0, 0, 0, 0, 0, 0, 0, 0, 0, 0, 0, 0, 0, 0, 0, 0, 0, 0, 0, 0, 0, 0, 0, 0, 0, 0, 0, 0, 0, 0, 0, 0, 0, 0, 0, 0, 0, 0, 0, 0, 0, 0, 0, 0, 0, 0, 0, 0, 0, 0, 0, 0, 0, 0, 0, 0, 0, 0, 0, 0, 0, 0, 0, 0, 0, 0, 0, 0, 0, 0, 0, 0, 0, 0, 0, 0, 0, 0, 0, 0, 0, 0, 0, 0, 0, 0, 0, 0, 0, 0, 0, 0, 0, 0, 0, 0, 0, 0, 0, 0, 0, 0, 0, 0, 0, 0, 0, 0, 0, 0, 0, 0, 0, 0, 0, 0, 0, 0, 0, 0, 0, 0, 0, 0, 0, 0, 0, 0, 0, 0, 0, 0, 0, 0, 0, 0, 0, 0, 0, 0, 0, 0, 0, 0, 0, 0, 0, 0, 0, 0, 0, 0, 0, 0, 0, 0, 0, 0, 0, 0, 0, 0, 0, 0, 0, 0, 0, 0, 0, 0, 0, 0, 0, 0, 0, 0, 0, 0, 0, 0, 0, 0, 0, 0, 0, 0, 0, 0, 0, 0, 0, 0, 0, 0, 0, 0, 0, 0, 0, 0, 0, 0, 0, 0, 0, 0, 0, 0, 0, 0, 0, 0, 0, 0, 0, 0, 0, 0, 0, 0, 0, 0, 0, 0, 0, 0, 0, 0, 0, 0, 0, 0, 0, 0, 0, 0, 0, 0, 0, 0, 0, 0, 0, 0, 0, 0, 0, 0, 0, 0, 0, 0, 0, 0, 0, 0, 0, 0, 0, 0, 0, 0, 0, 0, 0, 0, 0, 0, 0, 0, 0, 0, 0, 0, 0, 0, 0, 0, 0, 0, 0, 0, 0, 0, 0, 0, 0, 0, 0, 0, 0, 0, 0, 0, 0, 0, 0, 0, 0, 0, 0, 0, 0, 0, 0, 0, 0, 0, 0, 0, 0, 0, 0, 0, 0, 0, 0, 0, 0, 0, 0, 0, 0, 0, 0, 0, 0, 0, 0, 0, 0, 0, 0, 0, 0, 0, 0, 0, 0, 0, 0, 0, 0, 0, 0, 0, 0, 0, 0, 0, 0, 0, 0, 0, 0, 0, 0, 0, 0, 0, 0, 0, 0, 0, 0, 0, 0, 0, 0, 0, 0, 0, 0, 0, 0, 0, 0, 0, 0, 0, 0, 0, 0, 0, 0, 0, 0, 0, 0, 0, 0, 0, 0, 0, 0, 0, 0, 0, 0, 0, 0, 0, 0, 0, 0, 0, 0, 0, 0, 0, 0, 0, 0, 0, 0, 0, 0, 0, 0, 0, 0, 0, 0, 0, 0, 0, 0, 0, 0, 0, 0, 0, 0, 0, 0, 0, 0, 0, 0, 0, 0, 0, 0, 0, 0, 0, 0, 0, 0, 0, 0, 0, 0, 0, 0, 0, 0, 0, 0, 0, 0, 0, 0, 0, 0, 0, 0, 0]
