n = 100
v = 150
λ = 416.2503675228764
λ_0 = 892.1033500537238 (без учёта столкновений со стенками)
столкновений со стенками за секунду: 17.04266666666667
столкновений между собой за секунду: 7.454000000000001
время: 600
средняя скорость: 132.99558262405677
наиболее вероятная скорость: 95.0
P: 83.12172964125573
nmax: 28540
[159, 716, 512, 1874, 1653, 2725, 3437, 5329, 5534, 3808, 3769, 4126, 6187, 5948, 6197, 7688, 7384, 9350, 10415, 9700, 10608, 8784, 9027, 9634, 9171, 15618, 13675, 12344, 13872, 13250, 11744, 18242, 12950, 11821, 13687, 16051, 18617, 17626, 16366, 16858, 15916, 22650, 17190, 21243, 15548, 22296, 18657, 19038, 20455, 23033, 16968, 22375, 21302, 26431, 22174, 22347, 20710, 22127, 20942, 20810, 22212, 24166, 27900, 27083, 23299, 19034, 27812, 22750, 27093, 25775, 26235, 25286, 22651, 24977, 27361, 25855, 28540, 24992, 25009, 24517, 26430, 24904, 23654, 25063, 24123, 24996, 25492, 26226, 24778, 26093, 23361, 26352, 27705, 24838, 23608, 24561, 25422, 25200, 23698, 24128, 23288, 22879, 25204, 22491, 21276, 24623, 27909, 23904, 21381, 24780, 27540, 22026, 21404, 24050, 25390, 24546, 20598, 25245, 21610, 22551, 19562, 22636, 21771, 24313, 23118, 21395, 21019, 22463, 19575, 20700, 22247, 22462, 23328, 17619, 19296, 21062, 20151, 18834, 18677, 17335, 17981, 16724, 18038, 17445, 17110, 17443, 17072, 18417, 13593, 15444, 14628, 17015, 14907, 16191, 13184, 17868, 14272, 14219, 14231, 12606, 14713, 15011, 11296, 11266, 11868, 11701, 12099, 12169, 12552, 11697, 10853, 11193, 7197, 12209, 14443, 9884, 10620, 8700, 9306, 10241, 9661, 8838, 8227, 9357, 9389, 7145, 10223, 7771, 8257, 8213, 6484, 8516, 5742, 6321, 7762, 6312, 6478, 7134, 5468, 6639, 6298, 5449, 4815, 5208, 6292, 6247, 5215, 4497, 4618, 6341, 4931, 4769, 4984, 4429, 5866, 4403, 3438, 4220, 3260, 4275, 4174, 3525, 4228, 4515, 3776, 3651, 3102, 3616, 2528, 2755, 2879, 2009, 2167, 2673, 2491, 2974, 1827, 3744, 2128, 1865, 2032, 2448, 1702, 1827, 2329, 1774, 1860, 1977, 2392, 1922, 2561, 1414, 1557, 1006, 1552, 755, 810, 1496, 976, 584, 1310, 912, 862, 839, 1001, 786, 967, 800, 871, 995, 843, 934, 897, 1186, 508, 408, 593, 674, 274, 741, 317, 1022, 364, 709, 602, 179, 381, 127, 480, 1043, 357, 385, 708, 655, 481, 168, 453, 517, 427, 217, 533, 17, 222, 203, 114, 302, 64, 438, 99, 563, 216, 281, 384, 319, 136, 164, 132, 180, 217, 198, 0, 100, 104, 167, 59, 172, 110, 154, 172, 163, 106, 86, 125, 10, 138, 30, 38, 142, 183, 38, 31, 43, 19, 0, 0, 0, 34, 35, 41, 0, 74, 0, 2, 46, 5, 0, 0, 0, 0, 0, 0, 0, 8, 0, 0, 2, 0, 3, 5, 0, 4, 0, 0, 0, 0, 0, 0, 0, 0, 0, 0, 100, 0, 9, 0, 0, 0, 34, 0, 0, 0, 0, 24, 0, 0, 5, 0, 0, 0, 0, 0, 0, 0, 0, 0, 0, 0, 0, 0, 0, 0, 0, 0, 0, 0, 0, 0, 0, 0, 0, 0, 0, 0, 0, 0, 0, 0, 0, 0, 0, 0, 0, 0, 0, 0, 0, 0, 0, 0, 0, 0, 0, 0, 0, 0, 0, 0, 0, 0, 0, 0, 0, 0, 0, 0, 0, 0, 0, 0, 0, 0, 0, 0, 0, 0, 0, 0, 0, 0, 0, 0, 0, 0, 0, 0, 0, 0, 0, 0, 0, 0, 0, 0, 0, 0, 0, 0, 0, 0, 0, 0, 0, 0, 0, 0, 0, 0, 0, 0, 0, 0, 0, 0, 0, 0, 0, 0, 0, 0, 0, 0, 0, 0, 0, 0, 0, 0, 0, 0, 0, 0, 0, 0, 0, 0, 0, 0, 0, 0, 0, 0, 0, 0, 0, 0, 0, 0, 0, 0, 0, 0, 0, 0, 0, 0, 0, 0, 0, 0, 0, 0, 0, 0, 0, 0, 0, 0, 0, 0, 0, 0, 0, 0, 0, 0, 0, 0, 0, 0, 0, 0, 0, 0, 0, 0, 0, 0, 0, 0, 0, 0, 0, 0, 0, 0, 0, 0, 0, 0, 0, 0, 0, 0, 0, 0, 0, 0, 0, 0, 0, 0, 0, 0, 0, 0, 0, 0, 0, 0, 0, 0, 0, 0, 0, 0, 0, 0, 0, 0, 0, 0, 0, 0, 0, 0, 0, 0, 0, 0, 0, 0, 0, 0, 0, 0, 0, 0, 0, 0, 0, 0, 0, 0, 0, 0, 0, 0, 0, 0, 0, 0, 0, 0, 0, 0, 0, 0, 0, 0, 0, 0, 0, 0, 0, 0, 0, 0, 0, 0, 0, 0, 0, 0, 0, 0, 0, 0, 0, 0, 0, 0, 0, 0, 0, 0, 0, 0, 0, 0, 0, 0, 0, 0, 0, 0, 0, 0, 0, 0, 0, 0, 0, 0, 0, 0, 0, 0, 0, 0, 0, 0, 0, 0, 0, 0, 0, 0, 0, 0, 0, 0, 0, 0, 0, 0, 0, 0, 0, 0, 0, 0, 0, 0, 0, 0, 0, 0, 0, 0, 0, 0, 0, 0, 0, 0, 0, 0, 0, 0, 0, 0, 0, 0, 0, 0, 0, 0, 0, 0, 0, 0, 0, 0, 0, 0, 0, 0, 0, 0, 0, 0, 0, 0, 0, 0, 0, 0, 0, 0, 0, 0, 0, 0, 0, 0, 0, 0, 0, 0, 0, 0, 0, 0, 0, 0, 0, 0, 0, 0, 0, 0, 0, 0, 0, 0, 0, 0, 0, 0, 0, 0, 0, 0, 0, 0, 0, 0, 0, 0, 0, 0, 0, 0, 0, 0, 0, 0, 0, 0, 0, 0, 0, 0, 0, 0, 0, 0, 0, 0, 0, 0, 0, 0, 0, 0, 0, 0, 0, 0, 0, 0, 0, 0, 0, 0, 0, 0, 0, 0, 0, 0, 0, 0, 0, 0, 0, 0, 0, 0, 0, 0, 0, 0, 0, 0, 0, 0, 0, 0, 0, 0, 0, 0, 0, 0, 0, 0, 0, 0, 0, 0, 0, 0, 0, 0, 0, 0, 0, 0, 0, 0, 0, 0, 0, 0, 0, 0, 0, 0, 0, 0, 0, 0, 0, 0, 0, 0, 0, 0, 0, 0, 0, 0, 0, 0, 0, 0, 0, 0, 0, 0, 0, 0, 0, 0, 0, 0, 0, 0, 0, 0, 0, 0, 0, 0, 0, 0, 0, 0, 0, 0, 0, 0, 0, 0, 0, 0, 0, 0, 0, 0, 0, 0, 0, 0, 0, 0, 0, 0, 0, 0, 0, 0, 0, 0, 0, 0, 0, 0, 0, 0, 0, 0, 0, 0, 0, 0, 0, 0, 0, 0, 0, 0, 0, 0, 0, 0, 0, 0, 0, 0, 0, 0, 0, 0, 0, 0, 0, 0, 0, 0, 0, 0, 0, 0, 0, 0, 0, 0, 0, 0, 0, 0, 0, 0, 0, 0, 0, 0, 0, 0, 0, 0, 0, 0, 0, 0, 0, 0, 0, 0, 0, 0, 0, 0, 0, 0, 0, 0, 0, 0, 0, 0, 0, 0, 0, 0, 0, 0, 0, 0, 0, 0, 0, 0, 0, 0, 0, 0, 0, 0, 0, 0, 0, 0, 0, 0, 0, 0, 0, 0, 0, 0, 0, 0, 0, 0, 0, 0, 0, 0, 0, 0, 0, 0, 0, 0, 0, 0, 0, 0, 0, 0, 0, 0, 0, 0, 0, 0, 0, 0, 0, 0, 0, 0, 0, 0, 0, 0, 0, 0, 0, 0, 0, 0, 0, 0, 0, 0, 0, 0, 0, 0, 0, 0, 0, 0, 0, 0, 0, 0, 0, 0, 0, 0, 0, 0, 0, 0, 0, 0, 0, 0, 0, 0, 0, 0, 0, 0, 0, 0, 0, 0, 0, 0, 0, 0, 0, 0, 0, 0, 0, 0, 0, 0, 0, 0, 0, 0, 0, 0, 0, 0, 0, 0, 0, 0, 0, 0, 0, 0, 0, 0, 0, 0, 0, 0, 0, 0, 0, 0, 0, 0, 0, 0, 0, 0, 0, 0, 0, 0, 0, 0, 0, 0, 0, 0, 0, 0, 0, 0, 0, 0, 0, 0, 0, 0, 0, 0, 0, 0, 0, 0, 0, 0, 0, 0, 0, 0, 0, 0, 0, 0, 0, 0, 0, 0, 0, 0, 0, 0, 0, 0, 0, 0, 0, 0, 0, 0, 0, 0, 0, 0, 0, 0, 0, 0, 0, 0, 0, 0, 0, 0, 0, 0, 0, 0, 0, 0, 0, 0, 0, 0, 0, 0, 0, 0, 0, 0, 0, 0, 0, 0, 0, 0, 0, 0, 0, 0, 0, 0, 0, 0, 0, 0, 0, 0, 0, 0, 0, 0, 0, 0, 0, 0, 0, 0, 0, 0, 0, 0, 0, 0, 0, 0, 0, 0, 0, 0, 0, 0, 0, 0, 0, 0, 0, 0, 0, 0, 0, 0, 0, 0, 0, 0, 0, 0, 0, 0, 0, 0, 0, 0, 0, 0, 0, 0, 0, 0, 0, 0, 0, 0, 0, 0, 0, 0, 0, 0, 0, 0, 0, 0, 0, 0, 0, 0, 0, 0, 0, 0, 0, 0, 0, 0, 0, 0, 0, 0, 0, 0, 0, 0, 0, 0, 0, 0, 0, 0, 0, 0, 0, 0, 0, 0, 0, 0, 0, 0, 0, 0, 0, 0, 0, 0, 0, 0, 0, 0, 0, 0, 0, 0, 0, 0, 0, 0, 0, 0, 0, 0, 0, 0, 0, 0, 0, 0, 0, 0, 0, 0, 0, 0, 0, 0, 0, 0, 0, 0, 0, 0, 0, 0, 0, 0, 0, 0, 0, 0, 0, 0, 0, 0, 0, 0, 0, 0, 0, 0, 0, 0, 0, 0, 0, 0, 0, 0, 0, 0, 0, 0, 0, 0, 0, 0, 0, 0, 0, 0, 0, 0, 0, 0, 0, 0, 0, 0, 0, 0, 0, 0, 0, 0, 0, 0, 0, 0, 0, 0, 0, 0, 0, 0, 0, 0, 0, 0, 0, 0, 0, 0, 0, 0, 0, 0, 0, 0, 0, 0, 0, 0, 0, 0, 0, 0, 0, 0, 0, 0, 0, 0, 0, 0, 0, 0, 0, 0, 0, 0, 0, 0, 0, 0, 0, 0, 0, 0, 0, 0, 0, 0, 0, 0, 0, 0, 0, 0, 0, 0, 0, 0, 0, 0, 0, 0, 0, 0, 0, 0, 0, 0, 0, 0, 0, 0, 0, 0, 0, 0, 0, 0, 0, 0, 0, 0, 0, 0, 0, 0, 0]
