n = 200
v = 150
λ = 281.09132769563763
λ_0 = 439.4195875419998 (без учёта столкновений со стенками)
столкновений со стенками за секунду: 34.09466666666667
столкновений между собой за секунду: 30.26533333333333
время: 600
средняя скорость: 132.99158137903612
наиболее вероятная скорость: 113.75
P: 166.2397536269309
nmax: 55181
[182, 1458, 2240, 4362, 4005, 5197, 5101, 8482, 6864, 8185, 9883, 11348, 11278, 11461, 14852, 13555, 13713, 15882, 18552, 19114, 19852, 19746, 21967, 20857, 21759, 22367, 24376, 28213, 29901, 27435, 29934, 29570, 34260, 30359, 29033, 32221, 32743, 30356, 33209, 36218, 37000, 38666, 37260, 32820, 40272, 36582, 40535, 39230, 40685, 42062, 41367, 43173, 45497, 45108, 38692, 45711, 45790, 45899, 48661, 45408, 43272, 49752, 46912, 45376, 47177, 43061, 47240, 48508, 49754, 48913, 47497, 55063, 51970, 53019, 48831, 50251, 48228, 48177, 50891, 49700, 52214, 54862, 49125, 51369, 49416, 51704, 50572, 50740, 52904, 52262, 51304, 55183, 51315, 50912, 53641, 47750, 52504, 51443, 54214, 49620, 49895, 48003, 51535, 46595, 45490, 48614, 47815, 47212, 46178, 50208, 48305, 46309, 52859, 50264, 48154, 46550, 44360, 44659, 44915, 42572, 43589, 47182, 41659, 45087, 41239, 40176, 41571, 41333, 37319, 41192, 39314, 39936, 38949, 38738, 40389, 39963, 37670, 36914, 36549, 35045, 37282, 34616, 34524, 36226, 32855, 35375, 33796, 33503, 34542, 29985, 32402, 32428, 29694, 32182, 28992, 31287, 31531, 30749, 29121, 26533, 25636, 24291, 27436, 26603, 25105, 23549, 23774, 23626, 24086, 21431, 22258, 22760, 22221, 21965, 18858, 20820, 16790, 19900, 20146, 17669, 19709, 17650, 18572, 19089, 16117, 17793, 18090, 16285, 16792, 14351, 14776, 15355, 15237, 14911, 14209, 11231, 13850, 11932, 12787, 13235, 12968, 14034, 12388, 10548, 11248, 12230, 10392, 11360, 9923, 9695, 9536, 9042, 9134, 8584, 9322, 9109, 9259, 9160, 9338, 8324, 7852, 7560, 7446, 7866, 7231, 7263, 6849, 6673, 6012, 5449, 5742, 6054, 5174, 6208, 4824, 5976, 4578, 4714, 4909, 4577, 4020, 3907, 4476, 4690, 4078, 3696, 3338, 3675, 3797, 3788, 3571, 3039, 2905, 2805, 2353, 2811, 2618, 2414, 1991, 2132, 1817, 1851, 2557, 2284, 2435, 2194, 2566, 1917, 2367, 1756, 1350, 1700, 983, 1616, 1301, 1045, 1319, 1458, 1300, 967, 1428, 1371, 1042, 1131, 1406, 1179, 773, 703, 1119, 955, 639, 706, 795, 562, 717, 1038, 502, 730, 539, 409, 351, 663, 315, 677, 567, 702, 656, 531, 274, 431, 294, 258, 300, 234, 241, 152, 148, 243, 575, 216, 111, 342, 309, 334, 258, 75, 199, 165, 367, 197, 26, 227, 109, 181, 68, 98, 126, 29, 100, 122, 130, 145, 18, 63, 3, 77, 15, 74, 68, 159, 43, 44, 0, 1, 2, 11, 40, 56, 30, 5, 31, 16, 29, 16, 50, 31, 21, 13, 57, 0, 0, 35, 0, 32, 0, 0, 1, 7, 0, 5, 0, 0, 0, 36, 0, 0, 4, 0, 0, 12, 0, 9, 0, 0, 0, 11, 0, 0, 0, 1, 70, 0, 0, 0, 0, 0, 0, 0, 0, 0, 69, 0, 12, 0, 0, 0, 0, 1, 0, 0, 0, 0, 0, 0, 0, 0, 0, 0, 0, 0, 0, 0, 0, 0, 0, 0, 0, 0, 0, 0, 0, 0, 0, 3, 0, 0, 0, 0, 0, 0, 0, 0, 13, 0, 0, 0, 0, 0, 0, 0, 0, 0, 0, 0, 0, 0, 0, 0, 0, 0, 0, 0, 0, 0, 0, 0, 0, 0, 0, 0, 0, 0, 0, 0, 0, 0, 0, 0, 0, 0, 0, 0, 0, 0, 0, 0, 0, 0, 0, 0, 0, 0, 0, 0, 0, 0, 0, 0, 0, 0, 0, 0, 0, 0, 0, 0, 0, 0, 0, 0, 0, 0, 0, 0, 0, 0, 0, 0, 0, 0, 0, 0, 0, 0, 0, 0, 0, 0, 0, 0, 0, 0, 0, 0, 0, 0, 0, 0, 0, 0, 0, 0, 0, 0, 0, 0, 0, 0, 0, 0, 0, 0, 0, 0, 0, 0, 0, 0, 0, 0, 0, 0, 0, 0, 0, 0, 0, 0, 0, 0, 0, 0, 0, 0, 0, 0, 0, 0, 0, 0, 0, 0, 0, 0, 0, 0, 0, 0, 0, 0, 0, 0, 0, 0, 0, 0, 0, 0, 0, 0, 0, 0, 0, 0, 0, 0, 0, 0, 0, 0, 0, 0, 0, 0, 0, 0, 0, 0, 0, 0, 0, 0, 0, 0, 0, 0, 0, 0, 0, 0, 0, 0, 0, 0, 0, 0, 0, 0, 0, 0, 0, 0, 0, 0, 0, 0, 0, 0, 0, 0, 0, 0, 0, 0, 0, 0, 0, 0, 0, 0, 0, 0, 0, 0, 0, 0, 0, 0, 0, 0, 0, 0, 0, 0, 0, 0, 0, 0, 0, 0, 0, 0, 0, 0, 0, 0, 0, 0, 0, 0, 0, 0, 0, 0, 0, 0, 0, 0, 0, 0, 0, 0, 0, 0, 0, 0, 0, 0, 0, 0, 0, 0, 0, 0, 0, 0, 0, 0, 0, 0, 0, 0, 0, 0, 0, 0, 0, 0, 0, 0, 0, 0, 0, 0, 0, 0, 0, 0, 0, 0, 0, 0, 0, 0, 0, 0, 0, 0, 0, 0, 0, 0, 0, 0, 0, 0, 0, 0, 0, 0, 0, 0, 0, 0, 0, 0, 0, 0, 0, 0, 0, 0, 0, 0, 0, 0, 0, 0, 0, 0, 0, 0, 0, 0, 0, 0, 0, 0, 0, 0, 0, 0, 0, 0, 0, 0, 0, 0, 0, 0, 0, 0, 0, 0, 0, 0, 0, 0, 0, 0, 0, 0, 0, 0, 0, 0, 0, 0, 0, 0, 0, 0, 0, 0, 0, 0, 0, 0, 0, 0, 0, 0, 0, 0, 0, 0, 0, 0, 0, 0, 0, 0, 0, 0, 0, 0, 0, 0, 0, 0, 0, 0, 0, 0, 0, 0, 0, 0, 0, 0, 0, 0, 0, 0, 0, 0, 0, 0, 0, 0, 0, 0, 0, 0, 0, 0, 0, 0, 0, 0, 0, 0, 0, 0, 0, 0, 0, 0, 0, 0, 0, 0, 0, 0, 0, 0, 0, 0, 0, 0, 0, 0, 0, 0, 0, 0, 0, 0, 0, 0, 0, 0, 0, 0, 0, 0, 0, 0, 0, 0, 0, 0, 0, 0, 0, 0, 0, 0, 0, 0, 0, 0, 0, 0, 0, 0, 0, 0, 0, 0, 0, 0, 0, 0, 0, 0, 0, 0, 0, 0, 0, 0, 0, 0, 0, 0, 0, 0, 0, 0, 0, 0, 0, 0, 0, 0, 0, 0, 0, 0, 0, 0, 0, 0, 0, 0, 0, 0, 0, 0, 0, 0, 0, 0, 0, 0, 0, 0, 0, 0, 0, 0, 0, 0, 0, 0, 0, 0, 0, 0, 0, 0, 0, 0, 0, 0, 0, 0, 0, 0, 0, 0, 0, 0, 0, 0, 0, 0, 0, 0, 0, 0, 0, 0, 0, 0, 0, 0, 0, 0, 0, 0, 0, 0, 0, 0, 0, 0, 0, 0, 0, 0, 0, 0, 0, 0, 0, 0, 0, 0, 0, 0, 0, 0, 0, 0, 0, 0, 0, 0, 0, 0, 0, 0, 0, 0, 0, 0, 0, 0, 0, 0, 0, 0, 0, 0, 0, 0, 0, 0, 0, 0, 0, 0, 0, 0, 0, 0, 0, 0, 0, 0, 0, 0, 0, 0, 0, 0, 0, 0, 0, 0, 0, 0, 0, 0, 0, 0, 0, 0, 0, 0, 0, 0, 0, 0, 0, 0, 0, 0, 0, 0, 0, 0, 0, 0, 0, 0, 0, 0, 0, 0, 0, 0, 0, 0, 0, 0, 0, 0, 0, 0, 0, 0, 0, 0, 0, 0, 0, 0, 0, 0, 0, 0, 0, 0, 0, 0, 0, 0, 0, 0, 0, 0, 0, 0, 0, 0, 0, 0, 0, 0, 0, 0, 0, 0, 0, 0, 0, 0, 0, 0, 0, 0, 0, 0, 0, 0, 0, 0, 0, 0, 0, 0, 0, 0, 0, 0, 0, 0, 0, 0, 0, 0, 0, 0, 0, 0, 0, 0, 0, 0, 0, 0, 0, 0, 0, 0, 0, 0, 0, 0, 0, 0, 0, 0, 0, 0, 0, 0, 0, 0, 0, 0, 0, 0, 0, 0, 0, 0, 0, 0, 0, 0, 0, 0, 0, 0, 0, 0, 0, 0, 0, 0, 0, 0, 0, 0, 0, 0, 0, 0, 0, 0, 0, 0, 0, 0, 0, 0, 0, 0, 0, 0, 0, 0, 0, 0, 0, 0, 0, 0, 0, 0, 0, 0, 0, 0, 0, 0, 0, 0, 0, 0, 0, 0, 0, 0, 0, 0, 0, 0, 0, 0, 0, 0, 0, 0, 0, 0, 0, 0, 0, 0, 0, 0, 0, 0, 0, 0, 0, 0, 0, 0, 0, 0, 0, 0, 0, 0, 0, 0, 0, 0, 0, 0, 0, 0, 0, 0, 0, 0, 0, 0, 0, 0, 0, 0, 0, 0, 0, 0, 0, 0, 0, 0, 0, 0, 0, 0, 0, 0, 0, 0, 0, 0, 0, 0, 0, 0, 0, 0, 0, 0, 0, 0, 0, 0, 0, 0, 0, 0, 0, 0, 0, 0, 0, 0, 0, 0, 0, 0, 0, 0, 0, 0, 0, 0, 0, 0, 0, 0, 0, 0, 0, 0, 0, 0, 0, 0, 0, 0, 0, 0, 0, 0, 0, 0, 0, 0, 0, 0, 0, 0, 0, 0, 0, 0, 0, 0, 0, 0, 0, 0, 0, 0, 0, 0, 0, 0, 0, 0, 0, 0, 0, 0, 0, 0, 0, 0, 0, 0, 0, 0, 0, 0, 0, 0, 0, 0, 0, 0, 0, 0, 0, 0, 0, 0, 0, 0, 0, 0, 0, 0, 0, 0, 0, 0, 0, 0, 0, 0, 0, 0, 0, 0, 0, 0, 0, 0, 0, 0, 0, 0, 0, 0, 0, 0, 0, 0, 0, 0, 0, 0, 0, 0, 0, 0, 0, 0, 0, 0, 0, 0, 0, 0, 0, 0, 0, 0, 0, 0, 0, 0, 0, 0, 0, 0, 0, 0, 0, 0, 0, 0, 0, 0, 0, 0, 0, 0, 0, 0, 0, 0, 0, 0, 0, 0, 0, 0, 0, 0, 0, 0, 0, 0, 0, 0, 0, 0, 0, 0, 0, 0, 0, 0, 0, 0, 0, 0, 0, 0, 0, 0, 0, 0, 0, 0, 0, 0, 0, 0, 0, 0, 0, 0, 0, 0, 0, 0]
